src/landfire_data/SLPP2020.asc
ncols        218
nrows        221
xllcorner    -2089905.000000000000
yllcorner    1491735.000000000000
cellsize     90.000000000000
NODATA_value -9999
[rows 66 to 131 of 221, columns 0 to 95 of 218]
8 5 1 1 1 1 2 1 0 0 1 1 0 0 0 0 0 1 0 0 4 5 3 2 2 4 10 7 24 35 61 66 42 35 40 23 44 24 39 45 14 43 37 19 45 40 53 23 26 19 20 24 73 39 33 27 11 14 24 25 37 25 14 17 32 29 33 40 48 48 45 72 67 60 53 47 31 26 61 71 58 55 36 41 38 48 58 65 31 47 8 34 39 38 46 49
2 1 1 1 1 1 2 0 0 0 0 1 0 0 0 0 0 1 0 2 4 3 2 1 17 26 83 81 79 76 50 21 53 51 35 17 55 52 31 13 56 53 40 30 46 38 35 40 37 32 35 10 38 29 20 24 13 48 54 57 57 52 38 32 17 29 36 31 50 48 28 24 57 64 67 49 25 26 37 61 51 52 47 46 37 49 59 64 48 27 21 45 55 48 52 44
1 2 1 1 0 1 0 1 1 1 0 0 0 0 0 0 0 0 7 1 1 0 3 24 69 72 63 60 74 70 76 65 25 36 42 51 49 59 76 25 29 19 45 46 62 59 21 33 46 40 28 55 11 13 5 14 29 30 24 28 21 41 59 47 53 57 66 61 21 20 16 21 40 69 48 68 71 71 52 65 81 66 59 45 35 53 62 61 63 60 93 72 69 59 67 75
2 2 1 0 0 1 0 1 0 1 0 1 0 0 0 0 1 5 1 1 1 2 17 67 68 71 8 63 72 32 49 56 57 45 43 40 68 62 86 51 44 24 54 60 47 54 55 39 41 37 46 45 36 29 14 30 52 43 20 47 23 25 22 25 22 27 23 15 19 19 25 30 51 56 41 60 82 63 83 107 97 76 70 61 49 74 81 93 68 72 95 82 80 79 82 69
1 1 1 1 0 1 0 1 0 0 0 1 0 1 0 2 1 1 2 3 1 19 68 67 46 50 98 17 76 65 15 42 52 65 58 37 45 51 51 75 87 53 36 77 52 60 60 73 63 57 35 24 28 33 14 25 12 21 25 16 44 35 24 32 26 26 23 14 29 32 60 74 53 71 75 77 60 52 74 64 98 104 106 99 61 79 65 65 51 26 21 24 47 60 52 46
1 1 1 1 1 1 0 0 1 1 0 0 0 0 2 7 1 0 2 0 19 69 56 67 52 51 113 65 69 59 34 35 20 9 34 21 34 52 40 38 87 78 85 69 79 51 52 66 88 43 33 26 12 7 34 16 19 32 24 30 52 43 41 38 27 28 25 33 60 55 68 71 71 82 56 54 57 58 57 37 27 63 62 64 30 64 59 70 14 33 40 49 74 66 43 47
1 1 1 1 1 1 1 1 1 1 0 0 0 0 6 1 1 2 1 7 75 65 57 62 64 22 82 121 13 40 39 27 31 41 52 46 26 13 40 67 58 70 86 85 98 73 30 5 32 28 53 49 10 13 17 36 46 58 31 59 64 50 20 22 13 19 43 52 60 59 63 71 21 34 1 33 50 41 24 27 32 47 22 20 52 43 68 9 33 42 26 32 48 53 39 69
0 1 1 1 1 0 0 0 0 1 1 1 0 0 3 1 3 0 1 22 58 56 44 45 36 33 45 71 24 78 61 70 35 12 37 35 37 29 46 63 64 54 54 49 28 17 14 23 8 34 60 41 13 11 30 47 56 59 44 72 58 58 33 13 12 24 54 60 34 21 33 29 21 26 35 53 56 47 25 23 35 53 48 35 27 50 59 23 40 34 74 64 62 49 59 69
1 1 0 0 0 1 4 5 0 2 0 1 1 1 1 1 0 1 4 34 56 56 47 52 32 54 36 29 53 79 45 28 36 44 60 52 34 33 40 33 7 19 36 30 21 23 18 6 37 36 41 46 23 20 22 39 56 38 49 68 38 32 46 50 46 44 17 24 21 27 20 17 41 43 60 70 56 58 46 49 37 54 59 37 32 40 47 36 28 33 66 62 60 63 65 41
1 1 0 1 1 1 5 1 1 0 0 0 1 2 1 2 1 0 6 24 43 64 51 54 35 54 36 37 51 70 36 48 50 42 20 20 30 43 26 26 26 37 40 38 35 41 27 28 23 28 39 48 24 26 30 48 77 46 46 47 6 11 17 19 11 27 34 27 49 39 12 25 39 37 55 66 36 62 42 44 37 57 57 57 28 67 45 26 45 61 48 48 53 51 52 43
1 1 1 1 1 1 0 1 1 1 1 0 2 4 2 4 0 1 5 38 41 37 68 67 16 34 47 53 62 35 32 46 40 43 40 21 33 15 22 27 47 68 57 81 40 37 55 78 31 30 16 34 40 35 59 69 30 19 20 26 22 36 24 29 38 44 26 33 46 15 45 44 36 30 41 61 24 68 43 47 55 67 75 33 76 62 52 50 38 72 21 40 42 30 59 22
1 0 0 1 1 1 1 0 1 1 0 1 3 2 3 3 1 2 11 42 54 28 52 65 30 25 28 66 58 40 41 42 67 55 61 52 36 22 26 42 51 70 65 56 66 97 39 77 54 66 22 34 29 28 63 53 15 14 43 44 25 43 23 39 45 49 33 34 28 33 48 51 31 36 37 53 39 60 58 63 67 21 50 23 66 49 50 50 55 81 24 42 33 35 60 29
0 1 2 0 0 2 1 1 4 2 3 3 1 3 5 1 4 2 50 29 29 56 39 48 27 23 30 34 61 11 38 33 40 32 27 25 29 15 50 32 34 10 55 60 57 57 77 26 53 25 43 28 40 54 76 36 24 30 49 30 39 26 34 32 53 35 32 53 43 47 60 36 37 38 39 39 49 56 46 59 50 28 46 70 49 45 52 36 46 66 35 49 33 36 32 32
0 1 1 1 2 3 1 1 2 4 3 1 1 1 5 1 2 13 31 19 31 38 42 47 31 23 12 15 60 52 46 37 28 46 40 37 12 23 48 46 23 28 40 36 70 97 54 14 42 57 83 53 44 79 77 37 82 55 47 24 30 40 43 43 51 31 70 25 48 46 60 51 42 37 39 34 43 51 43 51 57 35 50 55 43 41 43 46 38 54 19 48 43 37 33 32
0 0 1 1 3 1 1 3 0 1 2 1 0 2 6 3 20 29 23 29 26 28 39 27 33 23 43 13 47 58 36 46 44 34 29 21 16 35 44 47 9 15 57 50 50 36 41 10 48 84 72 75 65 76 40 52 43 70 56 42 49 50 49 58 31 48 43 52 34 36 31 47 49 44 43 44 35 39 53 50 49 28 54 47 40 32 52 39 48 34 18 40 52 44 39 38
1 0 1 1 3 2 2 1 1 0 2 1 1 2 3 2 32 30 41 29 27 37 22 23 27 19 37 30 49 62 41 34 35 44 34 19 27 31 53 35 7 33 47 46 36 37 57 14 43 70 51 69 62 71 53 67 58 88 40 46 46 59 77 94 33 36 53 45 36 43 33 51 48 54 51 60 34 45 43 45 51 27 45 29 61 57 33 29 54 36 34 30 44 43 28 34
1 1 3 2 1 1 1 1 1 2 1 1 3 14 16 41 29 26 32 37 26 18 17 15 30 25 24 30 41 40 51 41 41 45 36 22 35 44 36 43 16 40 26 31 31 47 35 26 52 39 50 18 70 64 69 67 52 52 46 52 34 42 85 54 79 80 55 59 28 45 50 66 62 35 55 53 36 41 45 43 43 23 36 45 60 35 16 27 49 43 41 26 33 57 12 52
3 2 0 1 0 0 1 1 2 0 1 2 13 18 12 45 35 40 35 25 18 18 18 19 30 26 24 27 39 29 43 34 35 34 32 51 37 40 37 38 26 43 35 29 39 30 34 34 57 40 46 15 54 45 60 62 25 41 43 40 39 40 64 39 59 61 44 58 28 37 50 36 63 34 50 37 30 46 30 49 33 33 57 24 51 29 20 15 56 39 51 33 57 52 21 57
1 1 0 0 0 2 3 3 3 11 42 41 23 42 32 20 39 32 16 15 21 16 34 31 34 28 22 21 23 29 37 36 20 9 25 30 44 42 39 21 31 28 41 40 35 27 39 34 41 21 56 36 44 42 37 28 37 37 32 38 40 31 46 30 63 23 31 46 58 21 41 40 33 41 34 34 43 13 28 28 38 40 51 53 27 9 23 16 29 42 52 25 33 28 26 50
1 3 4 5 4 1 20 34 54 44 35 36 34 41 54 16 26 24 18 20 19 22 31 31 37 30 19 28 11 30 41 38 12 25 37 31 37 38 40 20 14 29 28 28 33 34 27 30 42 34 44 56 38 33 19 21 44 55 17 55 41 28 40 28 55 11 37 30 70 14 48 40 25 40 33 43 14 24 48 19 23 41 52 51 17 47 41 48 29 45 52 23 26 34 18 45
11 30 56 64 59 51 22 16 8 19 29 39 51 49 46 28 7 15 32 37 29 29 31 24 19 20 15 32 34 39 12 3 69 46 15 30 20 41 41 24 42 18 25 31 35 29 48 19 48 26 35 26 9 18 46 25 26 27 22 53 32 25 37 17 28 39 44 21 43 23 24 49 35 16 21 26 49 51 27 41 7 35 32 51 23 31 52 29 43 34 21 17 44 57 48 29
24 34 51 43 7 17 4 6 14 14 27 30 27 20 65 4 46 15 27 36 22 15 19 24 18 15 20 49 30 23 30 27 83 22 19 31 22 18 50 33 32 17 17 19 31 48 36 13 49 36 29 32 7 36 23 32 30 30 35 45 38 22 20 27 29 37 48 38 36 16 23 36 42 27 29 40 45 46 36 50 15 30 40 33 33 53 31 41 31 44 26 16 55 31 45 33
28 27 48 11 11 5 12 21 42 43 40 43 21 19 53 32 39 53 30 13 27 34 19 17 16 11 53 44 43 37 12 21 69 43 42 23 12 23 50 51 18 12 21 31 33 35 33 32 37 24 20 13 17 17 15 31 29 36 44 42 38 24 18 10 19 26 51 45 41 52 22 28 32 39 38 40 31 50 23 31 35 39 20 34 39 32 37 37 5 28 42 37 31 36 22 18
56 20 47 25 3 6 28 39 52 49 49 56 15 30 39 50 38 49 33 33 27 32 15 16 13 19 36 39 35 30 16 22 54 39 31 28 1 22 42 52 14 12 24 29 25 30 19 43 49 27 29 18 26 31 44 27 29 37 36 42 21 37 42 25 23 17 36 33 24 63 28 37 28 38 43 35 23 32 21 35 25 23 41 2 36 27 25 17 36 18 39 38 6 24 5 22
60 67 17 27 38 50 49 41 46 44 34 47 41 44 43 60 27 41 37 24 18 18 17 16 23 35 19 11 38 8 9 4 55 63 12 40 42 16 40 43 6 11 19 40 36 34 45 41 39 33 13 8 37 45 39 23 13 24 16 14 25 26 26 24 10 20 9 11 23 33 21 46 33 4 23 30 21 21 29 34 17 11 49 14 24 39 48 36 33 38 46 36 13 15 20 41
54 65 7 46 33 38 36 41 46 45 50 46 56 40 57 56 39 38 32 35 13 24 13 20 18 18 23 18 13 29 12 21 40 49 30 28 41 25 34 32 6 15 22 27 19 33 47 33 60 59 37 9 29 22 20 30 20 10 10 18 20 32 12 12 16 18 28 25 35 45 25 39 37 26 26 38 28 28 26 33 21 14 23 13 35 54 67 37 32 44 45 41 15 20 17 49
52 52 31 28 42 38 48 44 40 25 89 78 39 35 29 49 36 18 30 8 33 37 31 36 35 7 25 57 25 30 46 23 28 66 18 12 42 50 38 49 9 9 14 17 15 48 38 57 51 51 51 29 31 39 25 34 8 7 30 34 27 34 15 12 31 51 53 32 13 41 52 38 24 20 31 47 60 61 29 26 36 35 42 13 60 38 45 53 43 27 36 46 28 15 18 39
47 39 30 20 36 46 52 54 9 28 96 81 34 27 32 43 26 18 39 42 48 8 23 36 17 5 35 62 49 41 27 51 37 48 28 9 15 61 38 45 11 11 47 59 36 41 35 38 53 47 38 32 40 27 36 41 9 10 33 41 33 21 16 3 46 57 10 39 25 35 42 27 5 24 45 55 32 13 20 12 19 32 31 29 53 27 50 35 48 25 44 34 32 14 20 30
29 28 11 16 40 42 75 83 17 23 71 111 65 70 70 53 50 48 23 58 23 21 37 16 46 21 57 68 52 46 8 32 37 46 45 34 6 8 28 8 15 31 39 48 16 41 49 48 42 52 30 21 14 19 12 8 17 31 19 33 32 30 27 16 56 35 33 20 51 31 29 21 20 11 32 30 21 19 31 26 36 37 33 5 40 29 38 20 21 12 16 33 16 7 6 13
56 45 14 27 32 22 52 88 15 31 18 102 76 71 87 82 63 61 39 54 18 46 38 36 38 54 66 78 55 53 14 10 25 45 41 35 8 10 21 7 22 38 48 57 39 31 31 33 23 24 10 10 5 4 5 13 24 25 19 6 17 32 6 11 55 29 19 12 47 44 23 29 16 13 27 29 14 22 25 46 31 40 56 2 36 35 44 31 15 35 35 23 11 4 48 25
34 31 41 54 43 57 83 8 39 32 32 20 67 53 20 29 20 54 80 79 67 56 49 59 55 58 45 21 19 45 46 17 5 16 21 41 18 7 1 18 13 18 40 58 52 49 17 15 31 30 34 42 2 14 26 44 33 55 16 32 20 8 12 24 17 17 8 21 18 33 36 45 16 10 51 57 33 43 34 36 41 37 41 33 29 28 26 47 38 25 33 13 14 44 27 45
25 51 43 44 62 51 85 13 38 30 30 23 43 34 17 14 30 16 52 46 74 77 70 69 66 63 12 27 7 42 49 31 6 26 10 37 26 9 15 19 37 52 60 53 33 53 57 13 51 30 46 33 6 14 46 22 29 34 32 4 9 15 46 55 24 19 25 29 32 39 26 50 18 28 52 27 35 43 29 23 34 28 28 28 30 29 25 47 33 22 22 17 21 36 16 12
70 59 67 68 77 88 27 31 28 24 50 8 32 21 24 16 38 14 37 28 29 28 15 37 31 32 37 31 26 37 50 44 7 15 36 33 16 9 38 61 58 48 24 45 52 49 55 38 30 52 41 25 7 22 34 36 18 50 17 15 49 60 45 10 52 23 18 29 25 22 21 8 15 28 37 26 43 29 23 36 51 25 21 41 18 11 23 29 17 20 7 24 40 50 31 30
71 67 71 62 55 34 49 34 33 30 54 16 38 14 28 28 34 33 33 27 24 25 28 32 28 26 49 18 28 36 39 36 7 7 31 25 12 2 66 74 22 30 64 54 20 45 50 54 23 53 18 38 13 18 16 23 31 43 11 3 48 43 5 28 36 34 36 18 27 26 29 13 27 49 4 29 33 36 16 48 43 37 11 25 20 8 29 18 7 10 33 48 60 47 44 26
21 5 15 10 30 22 42 35 41 52 31 26 46 29 34 37 19 43 13 23 18 26 29 27 24 30 24 54 55 26 26 22 13 10 8 18 3 21 51 58 43 40 40 22 31 22 36 39 5 23 27 23 7 14 14 7 12 14 24 27 45 41 46 37 20 19 34 15 20 20 12 40 53 22 26 34 18 30 45 38 46 26 9 15 17 20 3 2 24 58 54 27 21 24 43 40
32 28 30 18 32 30 38 27 51 42 24 33 38 40 34 34 20 42 9 21 17 21 26 33 10 37 27 51 50 16 27 31 19 13 6 9 2 18 35 63 45 41 44 28 25 11 34 32 4 5 7 6 9 11 5 6 6 10 23 27 54 40 35 35 21 17 36 24 28 4 44 51 37 7 26 28 18 15 42 34 47 33 8 15 9 16 5 10 47 45 14 22 20 21 25 41
36 34 41 37 39 34 35 11 53 56 35 41 49 48 31 44 15 26 23 10 25 17 44 42 61 32 30 21 20 49 2 45 38 41 27 8 4 19 29 38 50 29 21 37 30 19 9 13 11 10 4 5 11 14 18 22 34 41 37 54 28 36 36 25 15 15 17 26 34 39 34 39 25 22 14 10 11 30 14 20 26 32 12 16 6 5 4 56 42 11 19 19 26 24 12 23
52 39 46 32 38 36 34 9 57 50 39 39 42 49 36 31 28 15 30 9 36 13 47 20 38 30 50 41 12 33 28 24 43 35 40 13 2 30 39 32 41 27 33 28 16 20 17 11 20 14 5 4 11 5 41 43 47 39 48 48 26 29 41 24 15 14 20 20 32 41 29 17 28 25 18 20 5 50 19 18 25 22 18 11 4 6 43 58 15 17 19 23 28 20 9 20
31 61 62 4 40 45 11 8 50 18 42 37 26 42 23 30 43 6 32 9 31 24 15 43 44 34 44 18 7 20 22 42 41 37 36 21 3 7 14 34 36 18 9 7 7 7 22 41 33 13 19 6 9 3 39 14 13 21 30 27 37 22 26 33 24 7 41 42 34 14 36 24 21 19 20 15 44 20 17 14 22 17 24 12 5 11 28 27 17 13 16 14 26 22 28 23
33 28 50 18 48 16 7 30 34 22 32 35 39 34 11 14 50 17 43 11 24 14 32 27 37 37 44 9 13 15 28 33 29 26 36 18 3 2 11 16 17 8 9 6 5 7 40 15 33 14 22 5 10 33 16 20 22 21 20 24 33 34 32 25 8 27 36 24 22 24 33 24 17 27 24 19 25 29 16 19 26 19 21 7 12 7 21 25 18 6 20 19 23 15 27 31
24 31 54 29 30 23 13 30 38 9 36 56 49 26 7 8 29 45 46 28 7 15 18 45 7 42 37 43 43 11 21 29 26 22 31 29 3 3 10 9 12 13 17 9 6 24 32 22 14 11 18 8 1 31 13 14 18 17 21 21 30 19 23 5 34 18 22 30 22 19 19 17 15 34 18 10 8 8 25 22 20 24 21 12 11 17 26 19 20 20 25 18 15 14 7 6
22 47 29 42 31 11 9 18 56 14 28 38 50 21 10 7 37 39 28 35 6 7 22 48 18 44 40 48 44 13 16 26 24 25 19 14 3 3 32 28 24 10 8 22 9 18 18 13 13 11 11 4 12 21 12 12 16 16 19 21 14 28 39 19 25 14 19 22 23 15 15 15 11 33 10 13 5 19 8 23 30 31 30 11 11 34 11 22 16 17 22 17 7 8 7 5
47 41 32 29 9 6 14 38 26 31 63 12 50 9 26 7 42 39 36 18 6 7 32 42 32 35 18 41 36 8 7 23 5 4 4 3 5 13 17 34 9 19 9 19 5 9 9 10 8 3 6 7 9 8 10 10 8 8 12 10 18 19 38 8 32 31 29 19 20 35 8 29 26 20 12 5 6 27 40 22 30 18 20 3 21 15 22 17 24 22 24 18 4 20 29 4
47 14 23 23 8 5 23 35 25 20 57 15 46 7 31 7 44 36 30 27 6 7 21 39 26 37 15 35 15 7 9 20 18 28 6 3 13 26 21 28 7 21 5 8 3 10 7 6 4 3 6 7 7 7 9 8 9 9 5 7 17 18 13 18 25 7 23 9 18 35 7 39 13 33 6 4 27 23 28 13 21 10 13 13 30 21 10 21 19 25 34 14 24 14 25 14
13 42 20 21 9 5 45 14 28 31 43 33 26 38 46 10 36 32 22 25 6 7 9 17 18 22 5 35 23 6 25 20 14 16 9 3 11 15 21 18 3 3 3 3 4 4 3 3 4 3 10 5 7 6 6 7 8 8 8 8 12 17 8 17 20 19 29 11 18 17 18 34 22 5 24 15 13 29 42 25 4 16 20 35 23 29 22 20 8 20 7 7 21 13 11 17
17 38 18 15 6 5 37 8 27 31 31 48 33 39 43 11 30 33 18 23 6 7 11 22 17 4 11 30 22 15 25 22 14 21 11 4 4 11 7 5 2 2 2 2 3 4 3 3 4 9 3 3 3 3 5 5 4 6 6 6 8 5 6 14 17 17 23 11 16 18 25 20 20 21 22 11 26 12 9 39 10 16 17 34 28 18 17 29 12 9 6 5 2 11 23 15
16 25 5 5 19 30 13 16 18 27 43 23 11 39 25 30 7 11 19 25 6 7 6 18 13 23 16 18 23 19 10 13 10 9 6 4 4 3 2 2 2 2 2 3 3 3 3 3 3 6 3 3 2 2 3 3 4 4 4 4 4 6 5 7 11 13 10 11 14 12 18 17 22 14 11 12 18 19 16 16 26 9 18 13 30 26 22 3 10 17 30 17 16 22 19 22
15 26 4 10 17 11 18 24 37 8 34 16 23 28 19 30 6 5 11 20 7 8 6 14 12 18 14 14 16 11 8 9 9 7 4 4 3 3 2 2 3 3 3 3 3 3 3 3 5 4 3 3 3 3 3 3 4 4 4 4 6 4 5 5 4 5 7 6 7 6 12 16 17 12 4 10 18 12 14 10 29 7 12 22 13 23 13 3 8 16 21 11 30 31 21 25
11 4 11 15 16 18 21 20 12 27 12 21 30 16 14 20 6 10 7 18 6 7 6 7 11 12 8 6 6 7 8 7 3 3 3 3 3 3 2 2 2 3 3 3 3 2 3 3 9 3 3 3 2 3 4 4 4 4 4 7 4 4 4 3 4 4 4 4 5 7 6 8 11 11 4 4 9 8 5 8 24 10 33 11 4 45 6 24 8 14 28 28 27 32 15 20
4 4 6 14 13 13 14 16 17 19 10 17 19 17 15 18 6 17 15 15 5 6 8 8 8 6 6 6 7 7 7 4 3 3 3 3 3 2 1 1 2 3 3 2 2 2 2 2 7 2 3 2 3 3 3 4 4 4 4 3 4 4 4 3 2 2 2 2 2 2 3 6 9 7 4 4 6 5 6 15 6 5 13 13 33 35 18 24 24 14 16 10 15 25 41 53
4 11 12 14 13 13 13 15 20 11 16 12 13 14 11 9 6 7 12 11 6 6 6 6 5 4 6 7 5 4 3 3 3 3 3 2 2 2 2 2 3 2 2 2 2 2 5 2 2 2 2 2 3 3 3 4 3 3 5 7 3 3 3 3 3 2 3 3 2 2 3 3 4 4 3 5 1 10 12 15 17 30 24 14 32 4 21 14 7 11 24 14 18 35 30 43
5 9 10 16 14 12 12 12 11 12 12 8 12 13 10 10 7 7 5 6 6 6 6 6 6 5 5 4 3 3 3 3 3 3 3 2 2 2 2 2 2 2 2 2 2 2 1 4 2 2 2 2 3 3 3 3 3 3 5 6 3 3 3 3 2 2 2 2 2 2 3 3 4 4 3 9 2 14 16 7 31 11 21 23 38 13 13 11 15 22 2 11 38 32 14 23
6 7 12 14 8 9 11 5 10 10 8 7 7 8 9 10 8 7 5 5 6 6 6 5 3 3 3 3 3 2 2 2 3 3 2 2 2 2 2 2 2 2 2 2 4 5 2 2 2 2 2 2 3 3 3 3 2 3 4 4 3 3 3 3 2 2 2 2 2 3 3 3 3 4 4 6 12 12 12 37 5 15 22 29 14 25 2 9 21 22 8 29 27 19 12 16
5 5 9 13 11 7 14 5 7 6 6 6 7 8 8 7 6 6 5 5 5 5 5 4 2 2 2 3 3 3 3 2 2 2 3 2 2 1 1 1 2 2 2 3 2 5 2 2 2 2 2 2 3 2 3 3 3 2 3 3 3 3 2 2 1 2 2 2 2 3 3 3 3 5 3 3 5 11 29 20 7 6 18 27 16 24 3 12 25 8 9 27 30 18 14 8
5 6 8 9 7 6 7 4 5 5 5 6 5 5 4 4 5 5 4 4 4 4 3 3 2 2 2 3 3 2 2 2 2 2 2 2 2 1 1 1 2 2 2 4 2 2 2 2 2 1 1 2 2 2 3 3 2 2 2 2 2 2 2 2 2 2 2 2 2 3 3 4 4 4 4 3 3 12 14 9 14 3 28 12 10 30 2 16 23 29 12 14 26 27 22 8
6 6 7 6 2 3 4 4 5 5 5 4 3 3 4 4 4 4 4 4 3 3 3 2 2 2 2 2 2 2 2 2 2 2 2 2 2 2 1 2 2 3 5 2 2 2 2 1 1 1 2 2 2 2 2 3 2 2 2 2 2 2 2 2 2 2 2 2 2 3 3 4 4 4 5 3 3 11 15 15 11 7 33 5 16 24 2 25 16 8 13 17 26 25 25 8
6 7 8 6 4 3 3 3 3 3 2 2 3 3 3 3 3 4 3 3 3 3 2 2 2 2 2 2 2 2 2 2 2 2 2 2 2 2 2 2 3 5 2 2 1 1 1 1 1 1 2 2 2 2 1 2 2 2 2 1 1 1 2 2 2 2 2 2 3 3 3 4 4 5 7 5 5 8 6 12 7 9 13 22 22 15 3 6 15 24 20 5 14 19 16 14
5 9 5 3 3 4 4 4 3 2 2 3 3 3 3 3 3 3 3 3 3 3 3 2 2 2 2 2 2 2 2 2 2 2 2 2 2 3 2 2 4 2 2 2 2 1 1 1 1 1 1 1 2 2 1 1 2 2 2 2 1 1 2 1 2 2 2 2 2 2 3 4 5 6 5 4 5 9 5 11 12 5 12 18 17 28 4 17 27 5 23 32 24 23 21 27
4 4 2 3 3 4 3 3 3 3 3 4 3 3 3 3 3 3 3 3 3 3 2 2 2 2 2 2 2 2 2 2 2 2 2 2 3 3 2 2 2 2 2 2 2 2 2 2 2 2 2 2 2 2 2 2 2 2 1 3 1 1 2 2 2 2 2 2 2 2 3 5 8 11 4 5 3 7 6 4 13 17 13 3 13 2 29 5 33 21 22 38 5 14 17 18
4 4 2 3 3 3 3 3 3 3 2 3 3 3 3 3 3 3 3 3 3 3 2 2 2 2 2 2 2 2 2 2 2 2 2 2 3 4 2 2 2 2 2 2 2 2 2 3 2 2 2 2 2 2 2 2 2 2 2 8 2 2 2 2 2 2 2 2 3 3 6 8 10 7 4 4 4 3 6 4 11 15 3 8 3 2 16 34 6 25 29 10 18 14 17 21
4 4 3 2 3 3 3 2 2 2 2 2 2 2 2 2 2 2 2 3 2 2 2 2 2 2 2 2 2 2 2 2 2 2 2 2 2 2 2 4 4 3 2 3 2 3 6 6 3 3 3 3 3 3 3 2 2 2 6 5 3 3 3 3 3 2 2 2 7 8 4 15 6 4 4 4 4 5 5 2 2 2 2 3 2 18 30 5 15 13 10 19 16 16 9 6
4 4 2 2 2 3 3 2 2 2 2 2 2 2 2 2 2 2 2 2 2 3 3 3 3 2 2 2 2 2 2 2 2 2 2 2 2 2 3 4 5 3 3 3 3 3 6 7 3 3 3 3 4 4 3 3 2 3 9 3 3 3 2 2 3 3 3 2 10 11 8 14 8 4 4 4 4 5 4 6 3 1 2 1 3 13 17 9 14 6 11 23 11 15 3 3
4 3 3 2 2 2 2 2 2 2 2 2 2 2 2 2 2 2 2 2 2 2 2 2 2 2 3 3 3 3 2 2 2 2 2 3 3 3 5 4 3 3 5 5 8 6 8 4 4 3 9 4 8 4 6 3 3 3 7 8 2 2 3 3 4 5 3 3 12 12 19 15 4 4 4 4 4 6 5 3 4 4 5 3 3 4 3 21 13 14 14 17 9 4 3 3
3 2 2 2 2 2 2 2 1 2 2 2 2 2 2 3 2 2 2 2 2 2 2 2 2 2 2 2 3 3 3 3 3 3 3 3 3 3 5 5 3 6 6 6 8 11 7 5 7 5 9 3 10 7 5 3 3 3 2 5 2 2 3 3 6 5 4 8 8 6 7 15 4 4 4 4 4 3 5 5 2 4 5 5 2 3 6 12 14 15 16 9 9 3 2 5
3 3 3 3 2 2 1 2 1 2 2 2 2 2 2 2 2 2 2 2 2 2 2 2 2 3 3 3 3 3 3 3 3 3 3 3 2 2 3 5 6 9 8 1 11 6 11 5 3 9 11 7 6 8 3 3 4 4 4 6 2 2 5 7 6 4 4 11 6 14 17 7 9 6 5 4 4 3 3 3 3 3 5 7 2 2 3 5 7 7 12 3 2 2 14 9
2 3 4 3 2 1 1 1 1 1 2 2 2 2 2 2 2 2 2 2 2 2 2 2 2 2 2 2 3 3 3 3 3 4 3 3 3 2 2 4 5 9 5 10 2 2 15 10 7 9 13 16 5 10 3 2 3 3 5 6 3 3 6 6 5 3 6 8 18 13 13 13 8 7 5 3 2 2 2 2 3 3 5 5 2 2 2 2 8 5 9 2 2 5 12 4
