src/landfire_data/SLPP2020.asc
ncols        218
nrows        221
xllcorner    -2089905.000000000000
yllcorner    1491735.000000000000
cellsize     90.000000000000
NODATA_value -9999
[rows 66 to 131 of 221, columns 96 to 191 of 218]
45 70 68 49 44 52 87 128 129 85 64 51 29 8 20 9 25 35 34 4 19 11 34 48 38 16 10 17 24 32 37 59 78 88 25 25 77 70 87 78 104 100 38 4 53 32 34 32 33 30 16 15 32 36 38 41 29 49 51 99 46 49 62 37 29 71 49 57 68 72 72 74 75 66 38 72 59 55 32 74 56 67 63 51 43 34 18 18 23 19 43 50 68 65 67 55
70 64 74 56 54 63 85 80 88 80 76 73 53 36 34 34 11 25 35 11 19 10 23 32 28 14 14 30 68 58 47 66 85 94 13 41 94 31 77 78 56 51 55 23 71 83 55 25 24 20 33 36 32 27 21 10 33 50 50 100 76 60 42 67 33 67 38 50 61 88 69 63 59 70 54 67 71 38 79 46 76 75 53 41 44 34 13 19 27 24 34 50 59 56 61 78
60 20 18 80 93 68 27 27 33 37 45 59 46 74 81 56 43 29 25 13 19 17 26 22 17 19 66 57 74 69 91 81 79 34 25 27 45 14 26 27 54 56 83 74 52 61 87 74 42 38 17 24 35 61 4 40 46 81 24 53 106 60 51 75 80 89 79 71 46 76 61 49 44 99 79 85 49 55 42 50 65 72 92 75 49 60 66 71 29 63 47 48 65 57 76 78
5 48 69 57 2 4 33 35 41 45 36 19 44 29 63 70 67 56 38 27 10 20 42 32 45 60 56 65 83 54 102 84 29 3 14 19 35 22 43 41 69 70 79 71 53 48 25 84 45 33 12 29 44 61 14 40 47 72 45 90 89 52 33 52 15 92 79 53 72 22 34 42 45 93 81 82 34 45 41 41 43 69 93 73 59 63 66 61 22 46 57 78 73 68 60 50
52 64 41 67 51 59 32 43 58 56 50 58 58 42 9 52 73 95 75 81 71 49 60 79 65 70 71 67 92 96 65 16 15 10 31 36 40 39 46 39 38 73 59 57 59 73 38 53 52 42 15 67 64 61 23 40 42 56 76 64 6 52 25 42 58 24 25 76 60 54 30 31 44 34 47 30 32 39 28 26 25 34 68 112 79 79 86 96 61 53 64 71 103 83 21 27
90 72 46 44 59 47 30 37 54 54 44 41 52 63 52 12 47 58 42 29 38 72 69 66 81 82 34 73 99 91 17 19 15 12 32 29 64 60 54 66 28 44 60 49 31 68 68 20 80 50 64 45 53 47 43 43 36 24 49 66 41 60 12 48 30 36 62 53 84 81 64 60 59 58 11 26 20 20 27 26 15 17 35 74 85 87 103 81 74 79 82 80 96 62 29 29
97 65 46 65 52 40 50 42 45 45 15 15 28 26 63 41 23 65 72 68 82 89 77 76 76 74 70 75 51 11 25 19 9 18 63 62 49 52 54 59 74 77 61 17 22 52 75 30 76 33 48 39 48 44 62 57 60 47 34 26 17 39 24 47 40 31 31 34 55 66 63 55 41 53 58 54 65 54 57 54 47 43 43 39 24 23 43 50 76 74 76 81 71 69 57 43
67 30 59 80 81 40 58 36 40 31 12 15 33 27 64 59 68 45 90 91 87 88 85 84 80 56 75 73 21 19 29 20 7 24 69 64 55 63 47 52 64 71 16 43 62 24 56 71 23 54 43 44 52 17 54 19 52 23 46 40 15 42 28 44 37 30 28 30 38 46 51 42 53 70 46 60 55 52 75 73 54 57 52 42 32 32 35 40 62 65 46 60 79 70 52 47
57 68 49 72 37 57 37 37 49 28 30 30 47 79 48 53 57 64 62 37 32 35 11 12 31 43 20 18 13 23 44 42 74 35 61 50 47 64 59 70 59 32 12 69 42 60 58 82 78 46 49 47 53 10 36 30 40 33 41 32 31 46 35 49 39 36 48 31 29 25 42 42 50 40 48 53 31 37 32 32 50 11 46 58 56 62 38 45 45 69 79 51 70 54 37 46
41 87 45 51 41 42 40 40 47 39 17 39 42 78 52 57 51 39 44 44 77 66 56 60 92 90 92 101 86 67 46 54 92 89 41 55 44 55 52 35 54 55 31 58 47 60 59 71 48 41 48 43 46 16 32 24 41 26 45 36 39 52 47 43 40 57 24 23 19 67 69 56 54 35 56 38 42 39 20 15 53 6 36 35 48 50 50 50 37 71 83 36 35 41 33 47
53 79 35 31 34 31 40 56 40 56 33 59 46 54 52 39 38 36 22 50 42 48 35 53 57 51 71 62 55 65 50 47 28 54 48 38 32 36 42 49 41 31 61 62 64 41 37 39 32 33 23 36 36 24 28 35 23 45 49 52 45 47 52 44 40 25 46 32 46 46 37 28 56 9 45 15 37 12 15 8 44 40 19 47 41 28 28 27 43 10 54 43 27 19 41 48
60 72 44 50 31 31 35 49 22 66 53 63 43 39 33 18 31 41 28 39 28 41 43 54 59 42 36 48 52 47 15 53 47 29 46 39 33 49 47 50 44 6 46 36 31 35 26 22 26 30 44 51 52 22 24 21 49 50 40 38 36 40 37 30 24 10 54 12 33 32 38 21 56 29 39 28 40 29 15 34 24 48 28 26 23 22 44 45 29 39 55 38 38 37 36 38
30 42 25 25 26 33 39 36 22 79 34 41 56 13 24 21 44 46 46 47 26 35 41 42 47 28 36 33 33 30 36 50 59 35 34 33 12 28 30 31 61 32 39 36 22 32 32 38 34 38 45 42 46 70 73 42 32 37 31 36 31 28 7 7 11 14 49 22 28 21 36 50 17 33 38 23 33 27 26 39 45 32 51 19 9 52 64 70 27 38 28 16 57 34 55 43
31 34 35 26 26 33 38 32 22 69 21 31 41 24 23 26 46 32 49 46 29 32 29 37 44 42 30 21 16 31 16 29 45 38 21 32 17 38 51 21 56 39 37 38 33 42 34 42 41 44 39 35 66 71 74 36 22 34 36 28 9 7 17 28 12 20 41 27 43 43 36 24 28 31 29 29 18 23 39 54 21 47 58 19 81 66 47 31 18 38 31 37 28 79 37 58
39 35 41 12 27 27 28 34 37 50 46 14 34 40 12 39 50 15 42 36 31 26 25 29 44 34 33 27 22 18 37 31 15 19 24 47 30 42 43 42 32 30 32 6 34 37 48 41 39 45 38 16 60 39 75 61 19 10 5 12 47 47 53 46 52 55 43 57 22 20 28 18 2 29 36 14 8 24 41 57 60 59 50 71 21 36 19 15 45 28 47 26 83 45 49 45
31 40 31 16 22 24 23 33 35 38 55 28 20 30 22 35 34 36 48 27 21 15 30 25 53 45 17 21 26 32 57 55 43 28 36 37 33 41 46 30 27 64 57 54 20 20 45 40 26 23 40 43 39 26 68 75 21 4 36 48 53 31 56 57 38 36 1 45 31 33 22 13 20 31 17 27 18 23 36 51 67 16 73 44 19 42 28 45 33 20 38 14 35 69 11 22
30 35 29 18 23 22 31 41 13 49 31 38 8 36 60 40 38 36 30 33 8 12 28 31 21 58 59 60 41 41 44 38 34 4 46 16 42 40 43 51 48 56 33 54 76 67 12 39 18 40 55 42 27 39 72 44 24 8 34 47 37 42 11 39 38 36 33 34 23 27 19 20 25 37 33 24 20 17 15 32 38 55 10 13 41 12 13 15 71 61 41 73 43 36 37 16
26 34 23 12 32 39 54 41 26 41 25 31 28 47 39 11 45 29 23 7 5 12 22 36 23 29 54 63 63 59 63 61 69 60 20 9 7 41 64 47 38 62 15 36 74 66 35 10 26 38 7 29 67 72 83 22 16 5 19 29 32 35 43 41 31 28 31 26 29 26 33 37 29 26 25 7 29 21 32 27 18 34 25 11 46 13 20 72 45 34 52 44 16 32 10 35
38 35 8 26 39 32 27 49 17 29 42 25 26 27 30 21 46 27 18 32 7 5 27 27 40 28 39 23 39 52 52 54 40 15 29 56 33 27 10 66 26 43 48 28 40 60 7 45 65 33 19 35 69 56 35 42 6 32 22 38 65 59 31 27 19 17 27 42 25 41 18 32 15 19 29 17 26 58 64 33 28 22 18 47 34 53 34 17 26 36 16 18 10 17 29 67
34 33 3 27 32 33 34 48 29 30 32 18 43 44 6 41 41 31 12 7 6 20 48 33 29 44 34 40 57 61 16 38 49 42 48 61 53 33 20 67 26 30 66 34 44 47 16 34 33 60 31 60 76 34 26 45 7 23 27 39 34 21 35 26 10 26 31 27 36 19 44 38 25 6 20 27 46 33 23 61 39 38 40 33 33 51 19 41 39 40 29 9 59 45 16 70
10 46 14 34 19 34 29 30 38 30 52 22 33 28 24 41 20 19 7 5 44 48 37 39 5 32 39 56 42 58 24 55 30 20 24 24 52 30 45 43 32 22 49 54 53 32 54 42 43 68 38 47 85 27 43 30 8 10 29 29 54 42 24 36 22 38 44 28 32 31 15 15 21 36 38 35 38 55 33 22 23 19 25 20 13 20 64 44 86 81 18 69 57 15 58 59
13 46 10 43 28 32 28 30 34 38 44 13 28 28 13 40 14 12 4 5 41 23 34 29 15 32 77 82 59 26 44 31 43 20 29 55 56 32 58 47 32 25 45 48 41 26 60 53 33 67 30 43 75 38 32 45 1 19 15 34 41 40 27 9 32 36 42 27 26 35 26 11 50 57 22 44 32 63 34 11 15 20 29 19 7 29 51 71 22 36 37 54 54 40 36 32
35 27 21 25 43 48 33 22 7 24 6 30 41 36 35 46 21 11 4 7 35 32 15 33 36 24 29 44 57 26 48 30 48 51 12 33 62 55 54 53 28 51 20 50 35 40 50 64 96 31 16 44 93 22 33 29 5 9 10 6 16 12 41 31 5 36 19 6 2 21 12 16 35 40 41 17 45 13 32 27 11 27 37 46 8 24 36 27 48 34 34 49 40 12 31 64
27 13 39 36 41 36 44 39 20 14 19 29 38 42 46 46 30 19 5 5 14 24 12 23 21 27 61 30 53 51 10 55 47 38 25 26 65 57 51 47 17 52 38 39 23 36 66 66 68 76 43 62 79 19 27 11 3 2 10 7 14 22 32 36 6 27 42 41 21 22 15 12 29 37 48 16 36 28 11 22 10 15 23 37 7 12 23 27 41 53 24 43 27 42 56 72
9 12 35 47 23 30 31 29 34 15 22 39 22 33 29 24 43 43 18 5 4 6 22 10 6 18 25 59 51 41 44 32 39 36 27 53 62 5 50 59 51 52 38 55 63 62 35 31 43 28 40 79 39 18 54 24 9 6 13 13 5 3 40 26 43 39 42 36 34 17 26 15 26 36 27 32 35 27 34 25 25 36 38 14 24 6 12 20 20 26 44 33 43 30 15 18
12 16 34 29 31 30 40 25 42 12 34 39 34 37 42 37 26 31 35 13 3 12 27 7 10 29 28 65 58 42 46 28 59 38 26 68 46 18 56 61 57 57 16 29 39 61 13 24 31 27 66 50 39 33 35 31 7 9 59 61 9 6 46 29 35 18 31 33 33 21 27 29 5 16 21 25 24 20 12 8 31 50 38 34 17 7 15 14 17 29 48 42 46 16 28 18
14 13 48 23 12 26 20 30 46 14 33 33 20 15 44 33 25 31 25 11 4 28 37 8 39 27 31 35 37 64 42 14 12 23 56 53 26 27 22 26 14 18 25 35 28 45 14 17 11 35 33 13 43 30 28 9 8 33 49 40 23 25 30 34 15 22 26 34 8 11 38 27 29 6 24 21 7 6 25 37 41 9 31 20 7 6 9 17 46 19 20 19 24 13 27 10
13 14 50 18 36 11 22 31 33 7 13 19 19 24 39 11 45 9 11 9 3 23 32 4 31 29 30 32 35 28 41 40 35 14 40 29 10 27 50 35 21 18 17 20 27 37 22 18 21 25 24 6 26 26 28 14 11 33 21 8 11 16 10 23 4 3 22 39 24 36 48 40 39 5 8 5 13 14 45 37 15 19 22 22 8 6 14 27 32 25 23 11 11 20 12 10
26 28 54 19 34 52 6 11 2 18 23 32 30 18 44 43 13 22 20 10 13 3 4 3 9 7 16 23 52 36 26 22 36 50 47 44 27 39 25 42 30 12 12 17 11 44 8 29 24 26 10 33 17 20 42 21 4 23 37 36 20 27 27 26 12 17 30 29 13 36 30 20 6 4 14 24 34 27 12 14 33 18 19 23 12 5 21 20 22 31 18 16 22 26 23 13
41 43 19 41 42 45 8 6 7 27 26 22 15 13 31 31 22 35 28 50 51 22 4 4 18 6 28 29 1 33 18 19 15 40 48 24 14 38 20 55 38 17 9 19 46 51 30 27 18 27 32 22 17 13 27 27 14 26 10 39 29 14 29 23 23 13 24 24 10 33 23 17 3 10 42 36 13 23 27 23 47 13 10 11 7 6 16 21 5 33 12 16 10 16 24 18
14 34 36 23 28 18 16 8 12 24 16 37 28 24 22 12 51 14 11 28 28 21 34 6 11 7 43 37 42 28 31 16 20 44 46 17 23 44 25 48 29 24 14 25 32 23 19 20 24 37 23 25 23 16 8 10 9 30 31 35 34 24 16 16 28 9 10 12 6 5 4 3 4 19 15 13 30 13 30 26 36 14 23 8 5 16 35 29 19 38 8 11 14 11 18 18
30 31 29 26 30 21 16 9 13 13 45 30 34 15 15 25 33 30 41 40 33 31 39 5 11 26 28 39 39 26 26 16 20 45 44 17 14 36 28 44 31 20 14 22 32 19 21 17 12 34 19 19 32 18 7 9 23 37 28 20 22 26 12 9 21 9 12 14 4 4 3 3 9 27 20 28 23 24 23 22 36 6 23 8 6 24 34 33 25 34 5 6 15 22 12 25
17 30 10 14 19 46 32 8 15 36 26 32 27 19 11 30 16 37 32 28 23 28 29 10 24 24 17 38 30 31 11 7 34 24 28 19 23 8 26 24 29 19 17 16 23 19 25 22 9 35 25 28 21 7 4 6 25 19 5 6 5 5 4 26 11 11 4 5 3 7 13 14 0 19 24 17 17 27 16 12 36 24 29 14 9 8 35 52 37 33 4 6 23 26 20 7
27 30 11 20 18 17 44 19 16 28 22 31 25 16 11 35 23 32 22 24 29 20 18 7 9 8 30 25 23 29 6 8 7 25 23 25 7 12 15 22 26 22 25 10 23 26 13 24 25 30 10 22 35 25 7 5 23 6 10 7 6 17 6 27 9 8 7 4 4 13 25 19 26 11 20 25 15 29 13 11 26 28 25 7 9 10 24 43 38 29 2 10 15 25 10 15
30 24 38 44 19 24 32 16 7 14 20 19 18 18 14 40 23 19 13 12 15 24 15 5 3 12 7 14 15 24 5 26 28 18 12 6 20 9 17 17 7 6 6 4 11 18 27 33 15 19 36 19 15 37 6 7 17 20 6 5 15 15 21 33 18 23 3 3 36 25 29 37 9 12 36 24 19 18 7 6 18 25 26 20 8 28 22 25 12 24 10 10 11 10 15 32
15 22 42 29 23 24 18 12 5 10 5 16 15 14 22 34 17 14 19 8 9 20 15 3 3 12 4 14 16 23 6 20 19 13 6 5 16 16 7 5 10 4 11 2 17 21 32 19 18 13 32 25 30 36 5 8 15 7 4 9 11 29 10 24 13 29 3 6 27 22 33 24 8 13 29 23 15 13 5 5 14 32 14 28 9 20 23 21 17 22 7 6 6 12 16 20
14 16 23 20 21 29 27 12 7 14 28 25 19 15 32 17 23 29 11 5 3 2 3 11 25 28 30 9 14 14 6 6 6 6 9 21 10 16 4 6 10 12 10 27 9 6 18 25 21 19 19 15 12 9 7 5 6 5 3 23 24 29 22 15 22 22 3 9 13 25 29 10 8 25 9 30 20 15 5 5 11 15 25 19 4 23 14 13 23 21 8 6 6 17 17 21
20 19 18 22 28 35 30 11 9 15 29 23 20 13 30 19 18 8 4 2 3 3 8 22 32 3 35 11 9 19 15 5 7 8 16 19 21 11 4 11 14 17 28 17 8 6 23 16 11 9 9 3 9 5 5 1 4 5 27 33 29 26 28 31 3 7 3 9 8 29 31 12 18 41 27 20 16 14 5 13 19 18 8 6 3 23 20 22 22 33 15 6 6 9 20 17
21 17 14 16 30 25 8 4 22 32 27 22 3 4 21 19 2 3 37 51 41 31 15 12 17 34 20 30 12 8 19 17 4 3 8 14 10 11 4 4 4 4 4 4 3 2 5 4 17 17 15 2 19 10 13 10 11 19 23 31 43 11 20 17 20 16 4 7 20 27 35 3 33 23 15 9 4 5 4 7 5 5 4 5 35 19 9 27 11 36 20 5 6 6 7 8
14 12 35 46 35 43 4 4 23 21 30 10 7 5 24 4 13 35 41 12 12 27 16 18 25 27 22 20 14 11 13 13 5 4 4 4 3 3 3 3 2 3 4 4 3 2 7 15 17 12 14 18 29 2 12 14 22 22 29 25 37 10 17 20 28 22 3 3 13 28 31 4 32 20 10 20 4 4 4 3 4 4 4 13 24 13 11 22 8 31 24 5 5 6 5 4
22 36 22 26 19 27 28 4 21 35 7 13 10 6 2 1 33 29 28 16 23 13 19 13 17 13 7 5 3 6 9 11 4 3 5 10 15 12 3 3 2 4 5 5 31 23 32 29 21 21 20 26 36 4 4 8 37 41 46 38 5 2 10 9 17 32 3 8 26 26 16 3 17 21 4 4 4 7 11 18 17 28 21 11 13 20 8 17 27 10 2 7 18 5 6 8
37 5 17 24 8 35 35 6 14 29 16 24 9 7 2 14 15 33 21 21 20 9 5 0 6 9 14 11 4 14 5 11 4 5 17 5 17 10 4 6 15 22 16 14 39 39 30 38 24 24 28 37 13 3 10 11 39 24 4 16 17 18 6 7 19 31 6 3 28 9 10 5 19 20 4 4 5 8 19 26 24 14 6 7 6 24 6 7 17 8 7 15 11 5 5 7
10 29 26 36 21 29 15 5 7 13 1 4 3 3 1 2 6 20 27 36 24 21 31 24 22 28 7 4 33 3 27 26 13 20 27 27 5 4 10 28 22 23 31 25 35 21 18 2 18 28 30 24 8 3 17 37 17 19 25 19 18 20 3 31 17 14 24 5 12 17 27 2 9 3 21 26 27 23 9 11 7 8 9 10 9 18 8 19 16 17 11 21 9 5 4 4
19 19 13 22 12 7 33 7 2 3 2 3 3 3 2 1 10 16 13 28 24 20 21 23 29 22 35 32 21 19 11 11 20 10 18 19 3 5 9 16 17 39 8 30 34 13 27 28 24 28 20 31 6 13 27 42 11 26 11 18 21 25 21 13 19 3 8 9 4 11 28 3 5 6 20 12 5 5 7 7 8 8 8 8 11 21 6 19 17 13 16 16 6 5 4 4
15 9 21 11 11 19 7 10 13 9 12 9 15 15 3 14 14 12 14 18 34 19 24 19 10 39 30 11 15 23 15 2 20 20 3 4 19 16 18 21 21 27 21 29 9 25 27 18 29 19 34 39 9 2 41 6 30 23 8 16 23 28 30 19 20 14 22 27 2 16 5 4 10 7 17 19 11 7 11 7 8 6 9 11 14 24 7 7 9 14 14 12 5 5 4 4
12 19 10 5 25 42 37 38 3 8 25 24 12 12 3 17 24 24 28 22 32 30 6 15 21 31 30 26 8 25 22 3 8 5 7 9 24 20 25 24 32 35 35 23 23 35 12 37 9 20 24 24 18 25 18 20 37 18 20 12 35 10 17 31 20 4 24 8 2 19 6 3 13 10 7 22 13 9 6 9 6 6 8 8 10 13 13 18 6 13 8 6 5 5 4 4
9 28 23 20 16 17 11 11 16 17 6 4 4 10 2 3 3 7 20 22 41 25 25 38 31 35 17 37 10 7 3 3 6 11 31 20 13 9 27 18 6 13 17 37 6 46 27 35 22 18 7 4 13 37 28 27 43 8 18 18 33 24 23 23 14 9 4 21 3 7 4 4 23 9 15 15 13 6 7 7 8 10 6 10 13 4 9 13 12 17 5 5 5 4 4 4
29 33 10 10 10 17 8 4 7 12 3 3 11 3 4 9 10 9 17 11 24 42 36 45 24 18 17 35 8 3 3 3 13 20 28 16 24 30 28 24 19 32 17 41 20 36 36 27 15 5 3 3 16 22 32 33 43 12 2 37 4 36 20 4 26 22 11 14 2 3 3 4 18 24 18 19 9 12 7 9 7 6 9 6 4 7 1 6 15 10 6 6 4 4 5 6
37 25 14 9 23 9 15 8 9 3 3 9 5 11 25 24 17 14 27 27 23 10 23 32 33 18 32 38 4 4 10 15 25 26 38 30 25 35 26 22 29 46 36 29 36 32 24 15 13 4 4 5 15 54 11 15 41 32 21 34 41 34 38 26 21 10 28 26 17 3 3 3 8 6 9 20 25 20 5 2 7 9 13 12 8 15 9 10 4 10 4 4 4 4 5 5
10 30 28 18 24 13 17 4 3 3 9 6 11 21 29 21 21 15 29 11 10 10 42 11 42 28 7 17 9 10 20 20 25 30 36 21 14 24 18 18 14 34 29 12 38 46 36 18 15 3 8 13 42 36 19 12 44 22 30 20 10 41 48 7 27 22 33 31 38 6 4 5 28 20 23 25 2 3 7 7 9 6 15 10 15 6 13 8 16 11 4 3 4 4 5 5
21 29 21 20 7 17 2 2 7 7 18 12 20 17 19 28 23 15 23 33 18 10 46 21 39 19 14 14 12 8 28 33 14 29 16 22 34 37 19 35 33 32 21 21 26 21 8 27 19 4 18 16 31 36 32 36 19 44 49 12 36 22 9 7 6 7 40 26 18 32 3 17 33 13 12 24 19 13 5 10 4 14 8 7 14 16 10 12 4 3 3 4 3 10 4 5
28 9 13 15 1 5 2 3 5 16 17 18 19 22 24 23 23 15 13 42 30 7 44 34 34 23 18 16 7 5 33 27 17 22 26 33 31 31 12 35 29 25 25 24 27 21 21 26 11 3 12 31 13 42 35 35 16 44 43 20 5 47 14 18 15 12 41 29 26 27 4 14 35 23 15 28 26 18 22 18 18 12 2 8 7 7 8 5 3 3 3 4 8 5 4 5
30 30 14 7 5 3 4 19 18 19 25 29 27 19 12 24 28 21 11 36 32 20 14 34 41 25 22 14 7 25 35 29 14 19 14 14 23 43 23 22 12 14 14 13 30 31 30 34 9 16 24 42 27 30 18 28 16 41 35 10 46 11 36 9 32 13 14 28 8 3 18 19 29 14 16 35 11 16 17 8 25 30 23 13 9 7 4 6 3 3 6 9 2 2 6 5
24 28 18 8 4 9 15 20 17 21 27 25 7 5 31 33 34 27 30 38 28 20 13 37 22 14 5 6 20 38 30 23 25 18 14 12 17 43 20 23 16 10 13 9 29 26 33 29 9 7 18 54 32 18 12 18 15 29 23 26 20 42 36 29 24 18 12 25 7 3 19 16 16 21 19 35 28 15 15 13 13 5 7 23 7 10 4 2 3 3 9 10 2 2 6 3
36 44 7 5 5 9 21 28 23 24 5 24 31 36 44 16 23 26 27 21 17 14 9 7 7 6 3 27 30 29 13 18 16 11 17 21 15 34 13 28 13 13 9 4 16 17 40 11 3 17 37 39 47 11 24 19 29 3 10 38 14 43 39 28 25 14 21 30 3 2 5 30 15 26 33 25 19 16 19 3 5 11 10 13 15 15 6 19 4 4 17 18 2 6 10 8
39 36 5 3 13 9 27 32 16 6 28 28 30 34 39 34 28 12 27 18 14 12 11 6 6 6 22 37 36 20 22 27 12 11 14 19 17 39 8 31 12 17 8 19 13 21 38 9 6 19 21 32 47 11 23 4 18 31 22 35 14 41 28 11 22 19 22 21 2 3 6 29 22 14 32 11 11 24 10 22 11 4 8 19 17 16 16 14 4 3 8 9 9 7 14 16
38 27 3 7 30 29 28 23 20 20 14 13 27 18 24 32 17 15 24 16 28 11 8 6 6 10 39 35 12 26 23 27 21 25 25 9 39 5 16 9 23 11 10 35 21 16 34 11 13 13 6 16 43 19 18 35 35 6 35 18 20 41 36 11 15 21 33 36 3 3 29 9 16 14 14 20 21 31 17 5 10 17 21 19 12 8 6 11 4 10 17 8 10 22 7 2
36 18 6 3 28 26 28 9 23 25 14 18 12 17 32 33 4 16 12 31 27 13 6 5 7 14 33 39 13 26 17 18 21 29 18 26 14 30 21 8 31 7 28 9 34 7 14 5 10 15 7 16 41 8 37 11 16 21 8 28 27 38 42 10 12 3 8 36 3 1 16 15 14 15 7 28 22 14 9 13 11 24 10 29 5 15 3 9 11 10 15 23 10 16 14 16
20 4 14 29 25 12 11 39 26 27 14 15 21 31 16 18 21 17 20 24 24 8 6 5 14 4 44 13 28 18 16 13 20 25 9 20 8 36 24 28 18 4 20 26 29 13 24 6 11 6 24 24 6 30 12 11 21 13 21 16 21 29 25 18 23 7 26 9 2 10 14 19 18 13 14 13 9 5 13 10 16 22 24 13 7 16 12 3 15 2 4 6 9 6 16 12
6 6 19 29 12 18 15 43 29 26 11 7 37 28 19 20 21 19 20 26 22 6 4 5 11 24 39 15 29 13 16 9 19 22 15 35 7 39 26 32 11 7 13 30 22 10 21 12 6 11 18 9 23 15 12 12 23 2 23 16 11 23 13 18 15 5 7 3 3 17 6 17 18 16 14 5 3 12 9 12 18 18 14 14 12 14 16 6 16 15 15 12 6 3 3 3
4 5 18 16 17 30 23 43 25 24 27 32 10 23 19 24 21 23 21 23 10 2 7 9 31 32 22 23 25 35 8 8 4 16 24 12 13 27 20 24 6 26 27 13 14 6 5 6 3 2 15 6 18 4 9 15 10 6 6 1 10 6 2 4 7 6 3 3 6 8 10 2 12 6 6 4 7 13 17 13 21 16 8 14 7 21 24 6 5 17 6 9 7 10 9 10
2 15 14 14 16 26 20 41 7 13 37 21 16 30 16 22 10 20 19 20 6 7 10 11 43 7 21 19 10 10 7 17 29 22 14 19 12 24 7 8 11 15 17 12 8 2 17 3 3 3 11 9 19 11 19 4 16 10 8 2 5 4 5 4 5 5 7 8 11 14 10 6 7 2 4 10 13 14 6 11 21 4 9 9 12 21 23 4 10 13 12 9 16 7 3 4
19 1 24 13 15 18 29 23 36 28 29 30 9 31 30 18 28 25 24 8 4 7 30 33 26 20 18 9 15 33 13 9 11 24 9 17 12 10 3 16 10 10 17 11 4 13 7 4 4 4 10 5 3 3 11 4 7 7 2 2 2 3 2 3 4 5 3 3 19 16 6 3 4 8 6 6 19 20 17 14 12 4 4 9 22 9 23 3 12 6 12 11 16 18 14 20
12 14 25 10 15 14 20 7 33 9 22 18 16 25 23 17 26 24 22 5 5 5 34 11 31 17 9 4 32 17 13 16 12 27 18 7 15 12 14 15 3 13 5 4 13 4 3 3 4 3 6 2 1 5 6 5 10 2 2 3 3 3 2 2 5 4 3 3 19 5 8 3 4 13 9 10 15 15 8 15 10 3 11 22 15 5 23 4 12 19 8 12 11 23 10 11
16 11 11 14 17 22 4 10 15 12 15 20 12 26 15 12 17 17 12 5 5 22 14 24 36 8 22 30 17 23 17 11 29 20 14 17 13 14 11 4 10 12 7 7 9 4 3 3 3 4 3 2 4 5 5 6 7 6 3 3 2 2 4 4 6 10 4 3 7 16 3 8 1 8 9 8 5 18 11 16 3 11 24 3 8 7 20 2 9 8 9 10 6 24 8 19
20 5 15 18 13 19 3 15 15 16 15 25 21 20 12 12 12 7 4 4 22 10 13 31 18 8 26 2 19 17 12 7 17 21 13 19 14 18 10 3 7 11 6 9 4 4 3 3 3 3 3 2 5 5 4 6 6 2 3 2 2 3 4 3 9 6 3 6 8 14 4 19 5 10 10 9 6 20 11 14 9 18 11 5 7 10 8 4 7 3 17 17 19 25 18 22
