src/landfire_data/SLPP2020.asc
ncols        218
nrows        221
xllcorner    -2089905.000000000000
yllcorner    1491735.000000000000
cellsize     90.000000000000
NODATA_value -9999
[rows 0 to 65 of 221, columns 96 to 191 of 218]
-9999 -9999 -9999 -9999 -9999 -9999 -9999 -9999 -9999 -9999 -9999 -9999 -9999 -9999 -9999 -9999 -9999 -9999 -9999 -9999 -9999 -9999 -9999 -9999 -9999 -9999 -9999 -9999 -9999 -9999 -9999 -9999 -9999 -9999 -9999 -9999 -9999 -9999 -9999 -9999 -9999 -9999 -9999 -9999 -9999 -9999 -9999 -9999 -9999 -9999 -9999 -9999 -9999 -9999 -9999 -9999 -9999 -9999 -9999 -9999 -9999 -9999 -9999 -9999 -9999 -9999 -9999 -9999 -9999 -9999 -9999 -9999 -9999 -9999 -9999 -9999 -9999 -9999 -9999 -9999 -9999 -9999 -9999 -9999 -9999 -9999 -9999 -9999 -9999 -9999 -9999 -9999 -9999 -9999 -9999 -9999
63 55 37 51 13 52 27 48 42 36 15 47 25 43 37 43 5 7 14 34 17 14 10 12 10 11 10 11 12 11 11 12 11 9 9 8 11 11 8 10 11 19 21 17 9 10 11 12 13 13 12 12 12 8 9 9 9 9 7 8 6 6 5 4 7 8 8 8 7 7 6 7 7 6 6 6 6 6 5 5 4 4 5 6 5 5 4 4 4 4 4 3 4 4 10 10
59 42 36 50 60 42 40 25 30 25 41 41 45 54 28 28 9 8 11 20 8 11 12 11 11 12 10 10 10 10 11 11 10 10 11 10 10 8 8 8 15 9 7 7 7 6 7 9 13 15 16 16 13 9 9 11 8 8 8 8 6 5 5 4 3 5 6 5 5 5 6 6 6 6 6 5 5 5 6 5 5 5 5 5 5 5 5 4 4 3 4 4 4 6 1 1
55 38 25 47 60 24 47 31 55 27 19 59 21 50 32 29 12 7 10 10 10 10 9 11 11 12 10 11 10 10 12 11 10 10 11 11 9 10 9 9 15 7 7 7 7 6 5 7 9 14 17 16 10 10 9 10 7 8 7 7 6 5 4 4 3 3 4 4 5 6 6 5 5 6 6 6 5 5 4 4 4 4 4 5 5 4 4 3 3 3 3 4 11 9 1 1
19 31 19 31 20 40 42 42 48 33 28 53 44 61 53 46 12 11 11 10 9 10 13 10 10 11 10 10 11 10 9 9 11 12 12 10 11 11 10 10 9 11 7 7 6 6 5 6 6 5 5 7 8 9 9 8 7 8 6 6 6 5 4 4 3 3 5 5 5 5 5 5 5 6 5 5 5 5 4 4 4 4 4 4 4 4 4 4 4 3 10 13 1 1 1 3
14 34 27 40 47 24 42 39 41 47 31 60 35 44 47 17 10 11 10 10 10 9 12 11 10 10 10 10 10 9 10 11 11 11 11 11 11 11 10 9 10 11 6 6 6 6 6 6 6 5 5 6 9 8 8 8 6 7 7 6 5 5 4 4 3 3 4 4 5 5 5 5 5 5 5 5 5 5 4 4 4 4 4 4 3 3 4 4 3 3 15 3 1 1 3 2
49 52 31 20 67 53 54 53 42 52 51 46 34 38 9 9 9 10 10 11 11 11 9 9 11 10 11 10 10 11 11 11 11 11 11 11 10 10 8 8 9 8 7 8 7 6 6 6 6 6 5 5 6 7 6 6 6 5 5 5 5 4 3 3 3 3 3 3 4 4 5 4 4 5 4 4 4 4 4 4 4 4 4 4 4 4 3 3 4 8 2 1 2 1 1 1
37 35 50 31 46 53 49 37 28 25 31 30 31 21 10 9 9 9 10 10 10 10 10 10 10 10 11 10 12 11 12 12 12 11 11 11 10 10 9 10 9 9 5 9 7 6 6 6 6 6 5 5 4 5 5 6 5 5 5 5 5 4 3 3 3 2 3 3 4 4 4 5 4 4 4 4 4 4 4 3 3 3 4 4 4 3 3 4 7 12 1 1 1 1 1 1
39 41 29 17 24 24 24 23 20 21 25 25 14 9 10 10 11 11 11 10 10 12 10 9 10 10 10 9 11 11 11 11 10 11 10 11 11 9 10 9 9 9 5 6 6 6 6 6 6 6 5 4 4 4 5 4 5 5 4 4 4 4 3 3 2 2 2 3 2 2 4 4 4 4 4 3 2 2 4 4 3 3 3 3 4 5 3 4 6 1 1 1 1 1 1 1
32 31 18 17 15 19 20 21 21 18 16 16 12 11 11 11 11 10 12 12 10 10 10 10 10 10 10 10 11 9 11 10 10 10 10 10 9 9 11 9 10 11 6 5 5 5 6 6 6 6 5 5 4 4 4 5 4 4 4 4 4 4 3 2 2 2 2 3 2 3 3 3 3 3 3 3 4 5 4 4 3 3 3 3 4 4 7 11 2 1 1 1 1 1 1 1
23 18 14 14 13 11 12 12 13 12 8 8 10 11 11 11 10 9 10 10 9 12 10 10 9 9 11 9 10 9 10 10 10 10 9 9 8 9 9 9 8 6 6 6 5 5 5 5 5 5 4 4 4 3 3 4 4 4 3 3 4 4 3 3 2 2 2 2 2 2 2 2 3 4 4 3 3 3 3 3 3 3 4 3 6 11 2 1 1 1 2 1 1 1 1 1
17 14 13 13 12 10 9 7 10 9 5 6 8 9 9 11 9 8 10 9 9 12 11 11 10 10 10 10 9 9 10 10 9 9 10 10 10 10 10 10 9 6 6 5 6 5 5 5 5 5 4 4 4 4 3 3 4 4 3 2 3 3 3 2 2 2 2 2 2 2 3 3 2 3 3 3 3 3 3 3 3 4 4 5 9 5 0 1 1 1 1 1 1 1 1 0
8 8 8 8 7 6 3 4 4 3 4 4 7 8 8 9 7 8 9 9 9 9 9 10 9 9 9 10 9 9 9 9 10 10 9 9 8 9 9 9 6 5 5 6 9 7 5 5 5 5 4 5 2 3 1 2 3 3 2 2 4 5 4 2 2 1 1 1 2 2 3 2 2 2 2 2 3 3 3 3 3 2 3 2 11 4 4 1 4 4 2 1 1 1 1 1
5 6 6 5 4 4 3 3 4 3 4 3 7 8 8 8 6 7 9 9 9 9 9 9 8 9 10 10 10 10 9 9 10 9 9 9 8 9 9 9 6 6 6 6 5 6 5 4 5 4 3 4 5 6 1 1 4 4 2 3 4 5 4 3 2 0 1 2 2 3 4 5 6 8 7 2 2 3 2 3 2 3 3 4 3 1 1 1 2 6 1 2 3 3 1 3
2 2 3 3 3 4 4 4 4 3 4 4 3 4 6 7 7 7 8 8 9 8 9 9 8 9 10 9 10 9 10 9 9 8 9 9 8 9 7 7 6 6 6 5 6 6 4 4 5 4 3 2 8 9 1 1 10 5 4 3 5 7 5 14 11 7 8 9 9 9 8 8 6 5 4 12 2 2 3 2 3 2 4 10 2 1 1 1 1 1 2 2 4 3 3 1
3 2 3 3 3 3 4 4 4 3 3 3 3 4 6 6 7 7 8 8 9 9 9 8 9 9 9 9 9 9 9 9 9 8 8 8 8 9 7 6 5 5 6 5 6 5 4 4 5 4 3 3 8 10 8 10 12 21 4 3 5 6 15 25 13 13 11 9 7 5 6 6 6 5 7 12 2 2 2 2 2 3 8 6 1 1 0 1 0 1 2 3 9 7 2 5
3 3 3 3 4 4 4 4 4 4 4 5 4 4 5 5 5 6 7 8 8 9 8 8 10 9 8 8 8 8 8 8 9 8 9 8 8 7 6 5 5 5 4 4 4 5 4 4 4 4 4 4 4 9 6 8 17 20 4 4 10 8 10 10 8 8 10 8 6 4 10 8 8 9 12 8 4 2 2 2 7 6 2 2 1 1 1 1 1 1 2 3 3 4 2 2
3 3 3 3 3 3 4 4 4 4 4 5 5 4 4 5 5 5 7 7 9 8 7 8 8 8 9 9 9 8 8 8 9 8 8 8 8 7 5 5 5 5 5 4 5 4 4 4 3 3 4 4 5 11 12 17 20 13 4 4 7 22 16 17 12 11 16 16 13 13 18 18 12 9 13 3 1 2 2 2 7 2 1 1 1 2 1 0 1 1 4 2 2 1 1 3
3 3 3 3 3 3 3 3 4 3 3 5 3 4 4 5 5 5 7 7 8 7 8 8 8 8 8 8 8 8 8 7 7 8 8 7 7 6 6 5 5 6 5 4 4 4 4 4 3 4 4 4 5 4 9 8 5 4 4 4 5 10 12 14 16 17 17 20 16 18 29 16 15 16 4 4 2 2 2 5 1 2 0 1 1 1 1 1 1 3 4 1 1 2 1 1
3 3 3 3 3 4 3 3 3 3 4 3 3 4 4 4 5 5 5 6 7 7 7 7 7 8 8 8 8 8 8 8 7 8 7 7 5 5 5 5 6 5 4 4 6 5 4 4 4 4 4 6 4 4 3 4 4 4 4 4 3 4 7 11 13 13 12 9 19 26 13 4 3 2 2 2 2 2 2 8 0 2 1 1 1 1 2 1 3 2 1 1 1 1 2 2
3 3 3 3 3 3 3 3 4 3 3 3 4 3 4 4 4 4 4 3 5 6 6 6 6 5 6 6 6 6 7 6 5 6 5 5 4 3 4 4 4 4 5 5 4 5 4 5 5 6 6 5 6 4 3 2 5 4 3 4 2 3 3 2 4 6 11 11 5 3 2 3 2 2 3 2 2 2 5 4 3 1 1 2 3 2 1 0 3 2 1 1 1 1 2 2
2 2 3 3 3 3 3 3 3 3 3 3 3 3 3 3 5 5 5 5 6 5 6 7 6 6 6 6 6 7 7 6 5 5 3 4 3 3 4 4 4 5 5 4 4 4 4 4 5 7 6 5 5 4 3 3 9 4 4 8 8 8 6 5 4 3 12 5 1 2 2 3 3 2 2 2 2 2 4 2 4 3 3 3 1 1 1 2 2 1 1 1 1 1 2 1
2 2 3 2 3 3 3 3 2 2 3 2 3 4 4 4 4 5 4 3 5 5 5 5 5 5 5 5 4 4 3 4 4 3 3 3 3 4 4 4 4 4 5 5 4 6 5 4 4 7 4 4 5 3 7 18 15 14 16 7 2 3 4 4 4 6 1 1 1 2 2 2 2 2 2 2 2 2 2 5 2 1 1 2 1 1 4 3 1 3 6 6 2 3 4 3
3 3 2 2 3 3 3 3 3 3 2 3 3 3 3 3 4 3 4 3 4 5 5 5 5 5 5 5 4 3 3 3 3 3 3 3 4 3 4 4 3 4 4 4 4 5 4 4 4 7 3 4 6 11 24 13 3 3 3 7 3 3 3 3 1 1 0 0 1 1 2 3 4 4 3 3 3 3 1 5 1 1 1 0 2 3 3 5 3 2 1 1 1 1 0 1
2 2 2 2 3 3 3 3 3 3 3 2 3 3 3 2 3 3 4 3 3 5 6 9 10 8 10 12 14 16 18 17 18 19 19 18 17 16 16 13 12 9 3 4 4 4 4 4 4 10 3 13 9 1 1 1 1 1 1 2 3 4 5 4 2 2 1 1 0 0 1 1 1 1 1 1 1 1 3 1 1 1 1 1 2 4 1 1 1 2 4 4 4 3 3 4
2 2 2 2 2 2 3 3 3 2 2 2 3 3 3 3 4 3 3 3 5 6 10 10 13 16 14 12 11 9 4 2 4 7 12 14 17 18 19 21 12 15 6 4 4 5 3 4 5 10 13 20 1 1 1 1 1 1 1 3 4 3 1 1 1 1 0 1 0 1 0 1 0 0 0 0 0 1 3 1 1 1 1 2 2 2 4 4 3 2 2 3 3 2 0 2
2 2 2 2 2 4 5 4 3 3 3 3 3 3 3 3 3 3 3 10 2 2 1 1 0 0 0 0 0 0 2 2 2 1 1 1 0 1 1 1 11 9 6 5 3 5 5 8 13 11 1 1 1 0 0 0 0 0 1 2 2 1 1 1 1 1 1 1 1 1 1 1 1 1 1 1 1 1 2 2 0 0 1 1 1 1 1 1 1 1 1 1 2 2 0 1
2 3 2 2 4 5 5 5 5 4 2 2 2 2 3 3 3 3 5 10 1 1 1 0 0 0 0 0 0 0 0 0 1 1 1 1 1 1 1 1 3 12 7 5 5 4 8 9 2 2 1 1 0 0 0 0 0 0 2 1 1 0 1 0 0 0 1 1 0 0 1 0 1 1 0 1 1 3 1 3 1 1 1 1 1 1 1 1 1 1 1 1 2 0 0 1
2 3 3 3 2 2 2 2 3 5 3 3 2 2 2 3 2 2 6 1 1 1 1 1 2 2 1 1 1 1 2 1 3 4 1 1 0 0 0 1 0 1 1 2 5 6 4 4 1 1 0 1 0 1 0 1 0 1 2 1 0 0 1 0 0 1 1 1 1 1 1 1 1 1 1 1 3 1 3 1 1 1 2 2 2 1 1 1 1 1 1 1 1 1 1 1
1 1 1 1 1 1 2 2 3 4 4 4 2 2 2 2 2 2 4 1 1 0 0 1 1 1 0 0 1 1 0 1 4 4 0 1 0 0 0 2 2 1 1 0 2 4 3 2 0 0 1 1 0 1 0 0 1 1 1 1 0 0 1 1 0 0 1 1 1 1 0 0 0 1 0 2 0 1 3 2 1 1 1 1 1 1 1 1 2 1 2 2 3 3 2 1
1 1 1 1 1 1 2 0 0 0 4 4 3 2 2 2 2 2 1 3 1 0 1 0 1 1 1 0 1 1 1 1 1 0 1 2 3 2 2 2 1 0 1 1 1 1 1 1 0 0 0 0 1 1 1 0 1 2 1 1 1 1 0 1 0 0 1 0 0 0 1 1 3 3 0 1 0 3 2 2 3 3 1 1 1 1 1 1 1 0 0 0 0 0 1 1
1 1 1 1 1 1 1 0 0 0 0 2 4 4 3 3 2 1 1 4 2 2 0 0 1 1 1 1 1 1 0 1 0 0 1 0 1 1 0 0 1 0 2 2 1 1 1 1 1 1 1 1 1 1 2 2 1 0 0 0 1 1 1 1 0 0 1 1 1 2 2 2 1 1 2 0 3 3 1 1 1 1 0 1 1 0 1 0 1 0 0 1 1 1 1 1
1 1 1 1 1 2 1 1 1 2 1 1 0 0 1 0 1 1 1 1 2 3 0 0 1 0 0 1 0 1 0 0 1 1 1 1 1 1 1 1 1 1 0 1 1 1 1 2 2 2 1 1 2 2 2 2 1 1 3 4 3 3 1 1 1 2 2 2 3 1 2 3 5 4 1 1 0 1 1 0 1 1 0 1 1 1 1 0 1 1 0 1 1 1 1 1
1 1 1 2 1 2 1 1 1 0 0 1 0 0 0 1 2 2 1 1 2 1 1 1 0 0 0 1 1 1 1 1 0 0 0 0 1 1 1 1 0 0 0 0 0 0 1 1 1 1 1 1 1 1 0 1 1 1 2 2 0 1 2 2 2 1 1 2 4 4 2 2 1 1 0 1 0 0 0 0 1 1 1 0 1 0 0 0 1 1 0 1 1 1 1 1
1 1 1 1 1 2 2 2 1 1 0 0 1 1 1 0 0 0 1 1 0 1 1 0 1 1 1 0 0 1 1 1 1 0 0 1 1 0 0 0 1 1 1 1 1 1 1 0 1 1 0 1 0 0 1 1 0 0 1 2 2 2 2 2 1 1 2 2 1 0 1 0 0 0 1 1 0 0 0 0 1 0 1 1 0 0 0 0 1 1 1 1 1 1 1 1
1 1 1 1 1 1 2 1 0 0 0 0 0 0 1 1 0 0 2 1 1 0 0 1 2 1 1 1 1 1 1 1 0 0 1 1 0 1 2 2 1 1 1 2 2 2 1 1 1 1 0 1 0 0 1 1 1 1 1 0 0 1 0 0 0 1 1 1 0 0 1 1 1 0 1 0 0 0 0 0 1 1 1 0 1 1 0 0 1 1 1 1 1 1 1 1
0 1 1 1 0 1 1 0 1 1 1 2 1 1 1 0 1 1 0 0 0 0 1 1 1 1 0 1 1 1 1 1 1 0 0 1 1 1 0 1 1 1 1 1 1 1 1 1 1 1 1 1 1 1 1 1 1 1 0 0 0 0 0 0 0 1 0 0 0 0 1 0 0 1 0 0 0 0 0 1 1 1 1 0 0 0 0 1 1 1 1 1 1 1 2 2
1 2 1 1 1 1 1 1 1 1 1 1 0 1 0 1 1 1 0 0 0 1 1 1 1 1 1 1 0 0 1 2 2 2 2 1 1 1 0 1 0 1 1 2 1 1 1 1 0 1 0 0 1 1 1 1 1 1 0 0 0 0 0 0 0 1 0 0 0 0 0 0 1 1 1 1 0 0 0 0 0 1 0 1 1 1 0 1 1 0 1 1 1 2 2 2
0 1 1 1 1 1 1 0 1 1 1 2 1 1 1 1 1 0 1 0 1 0 1 1 1 1 0 0 1 0 1 1 1 0 0 0 2 2 2 1 2 3 2 2 0 0 3 4 2 1 2 1 0 1 0 0 0 0 1 1 0 1 1 0 0 0 0 0 0 0 0 0 1 1 0 0 0 0 1 1 0 1 0 1 0 0 1 0 1 1 1 2 5 3 3 2
1 1 1 1 1 1 1 1 1 1 1 2 1 0 1 0 1 1 1 1 1 1 1 0 1 1 0 0 1 0 1 1 0 1 0 2 3 3 1 1 0 1 0 0 1 1 1 2 0 1 0 0 0 0 0 0 0 0 0 0 0 1 1 0 1 0 0 1 1 1 1 1 1 0 0 0 0 0 0 1 0 1 1 1 1 1 1 1 2 3 4 4 3 2 2 2
2 1 1 0 2 2 1 1 1 0 1 1 1 0 1 1 1 0 1 1 0 0 0 1 0 1 0 0 1 1 1 1 3 2 1 1 0 0 1 1 1 1 0 0 0 0 1 1 2 2 0 0 1 0 1 0 0 0 0 0 0 0 0 0 0 0 0 0 0 0 1 1 2 0 0 0 0 0 0 0 0 0 0 1 1 1 1 2 1 1 2 2 2 2 2 2
9 3 2 2 0 0 1 1 0 1 0 0 1 1 0 0 0 1 1 1 1 1 1 1 1 1 1 0 1 1 1 1 3 0 0 0 0 0 1 1 1 1 0 0 0 0 1 1 0 0 0 0 0 0 1 1 0 0 0 0 0 0 0 0 0 0 0 0 0 0 1 1 1 1 0 0 0 0 1 0 0 0 0 1 1 1 1 2 1 2 2 2 2 2 2 2
76 64 48 24 8 4 1 1 1 3 2 2 2 2 1 1 1 0 0 1 0 1 1 2 1 1 1 2 2 2 1 1 1 2 1 1 1 1 1 1 1 0 1 1 0 0 1 0 0 0 0 0 0 0 1 0 1 1 1 1 1 0 0 0 0 0 1 1 1 1 1 1 1 1 0 0 0 0 1 0 0 0 1 1 1 1 1 2 1 2 2 2 2 2 2 2
31 41 38 17 45 32 8 3 3 3 3 3 2 1 1 1 1 0 1 1 0 1 2 2 1 1 2 2 1 1 1 1 1 1 1 1 1 1 1 1 1 0 1 1 1 0 1 0 0 0 0 0 0 0 1 0 0 1 0 1 0 0 1 0 1 1 1 1 1 0 1 1 1 1 0 0 1 1 1 1 1 1 1 1 1 1 1 2 2 2 2 2 2 2 2 2
26 42 35 32 25 46 39 38 44 16 3 3 2 2 0 0 0 1 2 1 4 6 2 2 1 1 1 1 1 1 1 1 1 1 1 1 1 1 1 1 1 1 1 1 1 1 1 0 0 0 0 1 0 0 0 0 0 1 0 0 0 0 0 0 0 0 1 1 1 1 1 1 1 1 1 1 1 1 0 0 2 2 2 2 2 2 2 2 2 2 2 2 2 2 2 2
42 33 21 34 25 27 33 35 52 8 12 6 3 2 1 0 2 5 7 6 5 3 2 2 2 1 1 1 1 1 1 1 1 1 1 1 1 1 1 1 1 1 1 1 1 1 1 1 0 0 0 0 0 0 0 0 0 0 0 1 0 0 0 1 0 0 1 1 1 1 1 1 1 1 1 1 1 1 1 1 2 2 2 2 1 2 2 2 2 3 2 2 2 2 2 2
41 48 42 45 52 25 35 28 23 29 26 25 19 23 11 7 1 1 2 3 4 8 7 4 4 2 1 1 1 1 1 1 1 1 2 1 1 1 1 1 1 1 1 1 1 1 1 1 0 0 1 0 1 1 0 0 1 0 0 1 0 0 0 1 1 1 1 2 1 1 1 2 1 1 2 2 2 2 3 3 3 2 2 2 2 2 1 2 2 3 3 3 3 3 3 2
22 18 54 37 32 53 40 42 21 30 38 13 17 37 29 11 4 3 8 6 6 13 11 6 19 22 7 3 1 1 1 1 1 1 1 1 1 1 1 1 1 1 1 1 1 1 1 1 1 0 1 0 0 0 0 0 1 0 1 1 0 0 0 2 1 1 2 2 1 1 1 1 1 2 1 2 2 2 3 3 3 3 3 2 2 2 1 1 2 2 3 3 3 3 3 3
32 9 32 24 40 55 56 39 35 13 26 13 11 39 54 55 44 50 31 24 7 9 7 5 3 14 12 7 15 21 3 2 2 2 2 2 1 2 2 2 1 1 2 2 2 2 1 1 1 1 1 1 1 1 1 2 1 1 2 1 1 1 2 2 2 2 3 3 2 3 4 3 3 2 2 2 2 2 3 3 3 3 3 3 2 2 1 1 2 2 3 2 3 4 3 3
12 18 44 31 42 62 47 30 49 36 13 28 22 37 32 27 28 23 17 27 34 16 10 7 4 12 6 5 7 9 3 2 2 2 2 2 1 2 2 2 2 1 2 2 2 2 1 1 1 1 1 1 1 1 2 2 2 2 2 1 1 3 6 5 4 4 4 4 3 3 3 3 3 3 3 3 2 3 3 3 3 3 3 3 3 3 2 1 2 2 3 3 6 6 4 4
46 38 20 45 37 16 47 34 31 19 32 23 31 36 20 17 22 26 32 15 13 23 26 35 18 14 3 3 12 6 3 4 2 2 2 2 2 2 2 2 2 2 2 2 2 1 1 1 1 1 0 1 2 2 3 3 3 3 3 3 2 4 5 6 6 6 5 4 3 3 3 4 4 4 3 3 3 3 3 3 3 3 3 3 3 3 2 2 3 5 12 8 3 3 2 3
33 40 22 25 36 44 34 39 16 22 29 18 40 34 8 2 11 28 27 25 15 13 38 32 26 33 4 2 6 3 3 4 2 2 2 2 2 2 2 2 2 3 2 2 2 2 2 1 1 1 1 2 2 3 4 4 3 3 3 2 3 5 5 5 5 5 4 4 3 3 4 5 5 5 3 2 2 3 3 3 3 3 3 3 3 3 3 4 10 11 4 3 3 2 4 3
38 15 21 34 17 42 40 28 36 18 23 27 34 37 21 34 32 37 38 32 36 28 45 20 30 14 23 21 11 5 5 4 2 3 3 3 2 2 2 2 2 2 2 2 2 2 5 20 30 39 35 30 48 34 8 4 4 5 3 2 3 4 5 6 6 6 5 8 24 16 9 5 4 4 5 4 4 4 4 3 3 3 3 4 9 10 6 6 6 6 5 5 5 5 3 2
52 25 24 48 3 16 27 33 44 30 26 24 27 39 27 44 34 34 44 39 32 19 23 22 26 16 26 29 45 16 5 4 3 3 3 3 3 2 2 2 2 2 2 2 2 2 24 25 7 7 20 23 15 22 7 4 5 5 4 3 4 10 19 32 6 5 14 25 20 23 30 14 5 5 5 5 3 4 4 4 3 4 6 9 5 3 6 7 8 8 6 6 6 6 3 2
35 57 32 35 19 24 26 30 21 27 37 34 52 28 51 27 33 23 22 30 30 29 22 30 7 10 13 18 23 29 17 8 3 3 3 3 3 3 2 1 2 2 2 2 4 8 13 12 15 10 9 6 34 9 27 20 6 16 57 61 69 70 19 39 5 19 43 46 37 33 8 31 6 5 5 11 8 5 4 4 5 4 3 2 3 5 7 10 18 33 25 30 13 7 9 14
38 50 30 43 14 14 23 29 27 43 37 29 57 29 54 12 33 22 4 19 25 29 26 24 7 12 17 27 13 57 66 43 8 3 3 3 4 4 3 2 2 2 2 3 5 11 11 18 21 22 16 4 20 25 24 37 6 17 34 39 48 34 44 39 6 24 42 37 35 26 33 23 6 6 14 30 25 24 11 6 12 14 7 3 6 7 17 36 34 43 37 39 11 26 31 32
41 57 34 28 21 20 17 28 25 22 35 31 46 43 39 25 35 25 23 19 42 49 35 16 14 16 44 58 23 63 62 82 75 58 10 4 3 3 3 2 2 2 2 2 22 30 26 26 25 23 20 18 23 6 33 35 64 14 25 26 43 16 56 27 37 43 42 26 46 48 47 30 22 14 17 35 37 43 34 10 30 46 38 10 22 45 57 42 34 58 34 58 21 20 22 37
44 43 24 20 29 21 21 42 32 23 32 44 42 37 44 17 44 34 48 36 54 53 51 28 19 25 24 61 31 48 29 63 72 72 48 27 4 3 3 3 3 4 2 5 27 33 30 30 26 18 39 32 28 17 61 38 81 49 32 32 55 25 51 18 27 38 36 34 31 29 45 35 22 18 26 34 54 52 46 14 35 38 36 10 28 44 26 38 49 66 48 63 38 42 50 23
19 25 39 45 19 14 21 36 36 37 45 56 38 34 26 29 25 15 23 33 17 10 67 63 31 25 32 58 68 31 67 64 64 63 38 49 30 34 29 42 22 12 2 9 44 40 49 41 32 39 46 48 65 43 27 74 52 75 25 68 53 31 68 58 9 44 33 32 34 7 60 41 22 17 18 41 36 48 45 20 34 35 46 15 21 15 40 38 39 40 15 45 84 83 45 30
26 17 34 24 39 19 37 39 29 17 43 55 30 29 24 27 33 21 17 16 14 11 28 55 35 21 47 73 26 54 48 49 47 53 56 20 54 36 30 28 25 20 2 13 43 24 29 47 32 43 47 42 62 46 64 34 21 79 11 67 11 31 57 60 37 29 56 50 63 45 69 46 33 18 30 42 6 54 35 12 39 39 36 15 22 13 20 23 27 34 31 21 15 11 69 41
40 21 37 14 20 31 25 27 39 46 48 55 49 46 44 35 44 31 5 8 5 17 9 4 29 6 59 48 54 25 30 12 22 50 30 25 41 27 49 30 44 38 15 6 32 29 69 85 39 30 42 57 78 48 50 61 57 46 54 12 71 9 14 48 52 31 55 20 44 69 46 62 59 8 21 16 15 57 27 33 32 13 26 36 4 19 28 42 27 26 30 36 30 39 54 61
51 42 27 21 25 28 23 38 30 40 61 61 54 40 54 29 41 26 14 4 4 10 8 1 37 25 33 34 48 27 26 6 69 74 56 17 44 59 65 57 55 47 44 3 42 54 28 70 41 45 44 53 81 20 28 39 50 39 55 28 69 37 22 49 71 32 52 83 42 65 28 63 67 14 12 11 38 33 26 26 33 22 51 58 11 4 29 26 37 11 35 26 17 33 38 30
39 26 30 31 23 24 47 30 31 22 13 49 78 49 32 50 31 24 22 23 7 7 10 10 36 25 13 28 18 37 14 35 72 30 66 52 55 66 55 47 62 39 45 25 60 64 45 71 30 64 42 26 88 44 31 35 42 40 80 53 78 61 40 43 81 25 75 41 56 38 63 12 59 36 21 15 13 8 42 36 40 30 32 47 18 29 12 9 24 21 36 44 45 49 19 22
32 34 53 53 31 25 54 49 29 31 39 57 49 11 20 42 24 10 11 20 13 3 24 30 25 21 14 36 51 27 18 41 62 44 61 66 70 83 33 36 62 39 38 27 49 63 37 35 72 39 55 13 85 35 55 33 26 36 70 54 73 66 20 57 86 57 71 40 72 22 80 24 69 40 33 39 50 64 41 33 19 50 16 15 11 24 17 13 39 49 52 57 25 72 22 16
71 71 55 45 67 55 32 51 27 26 33 24 23 13 28 28 25 33 25 33 24 32 12 46 31 27 33 43 46 52 24 49 82 63 66 73 64 89 22 72 59 43 61 9 64 53 55 60 45 28 38 21 46 42 42 18 34 44 54 50 35 64 60 53 44 41 58 15 78 53 62 61 74 51 32 44 45 53 65 45 43 33 25 31 38 29 24 18 34 19 5 25 28 5 42 56
70 53 50 41 37 54 56 63 48 48 31 15 28 9 19 24 19 23 18 28 39 44 9 38 48 33 27 36 22 23 22 43 68 72 36 47 58 94 23 62 68 74 62 17 41 35 23 35 45 47 16 6 40 58 45 35 52 60 72 76 2 48 62 20 62 44 70 53 84 61 55 54 67 51 43 58 57 67 83 82 45 29 41 41 42 40 22 10 47 62 40 44 33 37 48 56
