src/landfire_data/SLPP2020.asc
ncols        218
nrows        221
xllcorner    -2089905.000000000000
yllcorner    1491735.000000000000
cellsize     90.000000000000
NODATA_value -9999
[rows 132 to 197 of 221, columns 96 to 191 of 218]
9 22 16 19 8 20 4 10 10 18 9 24 7 16 11 11 2 2 5 18 15 18 21 17 27 9 15 21 5 23 15 27 18 9 23 17 4 4 17 12 3 5 4 3 4 4 3 3 3 3 2 1 2 4 4 6 3 3 2 3 2 2 5 7 10 18 5 6 10 12 17 6 5 14 7 20 16 4 19 4 13 17 10 7 8 20 4 13 17 5 10 11 12 11 8 3
6 13 9 20 14 13 4 6 10 13 9 16 7 15 13 12 3 7 11 15 9 24 12 4 19 22 17 29 29 4 30 6 12 19 16 5 16 16 5 2 3 8 5 7 4 4 3 3 3 3 2 1 1 3 5 5 5 2 2 3 5 6 9 7 9 18 6 10 6 4 15 16 11 8 11 18 21 9 13 10 22 11 13 6 11 9 4 16 24 4 8 15 9 15 4 11
12 14 18 4 12 7 10 3 9 11 18 6 13 4 2 2 10 10 6 10 22 22 4 18 15 19 13 6 23 27 11 14 6 5 23 13 3 3 2 2 3 5 5 5 7 7 4 4 4 3 2 2 2 4 6 8 3 2 3 3 10 2 11 4 6 17 10 5 3 19 12 16 12 12 7 13 6 21 15 20 12 5 14 15 6 5 16 6 7 16 5 9 7 8 9 17
6 12 8 8 22 7 10 4 12 4 15 7 6 5 2 2 9 12 4 13 12 9 14 8 26 25 4 11 16 9 3 4 18 23 4 3 6 3 2 3 7 3 5 3 5 7 3 3 3 3 3 3 5 7 9 4 2 2 4 2 11 3 8 5 6 16 13 4 7 12 0 19 22 19 15 22 20 17 19 8 7 15 9 7 2 15 3 14 18 17 1 8 8 7 19 13
5 5 4 3 2 16 9 5 3 7 9 8 2 3 5 12 8 8 4 3 8 18 6 19 11 2 22 23 19 16 18 4 3 4 13 6 3 3 5 4 6 5 6 3 11 5 3 3 3 3 4 5 10 6 4 2 1 1 5 4 15 8 9 3 4 11 3 3 10 9 8 30 19 4 14 15 17 3 5 12 9 5 20 3 24 12 16 18 7 4 5 6 15 15 7 4
7 4 8 10 9 2 7 8 3 6 3 2 3 2 11 6 1 3 4 5 5 10 3 13 7 12 16 3 5 2 4 5 4 6 4 10 5 4 4 3 2 2 9 4 11 5 3 3 3 3 3 3 6 6 2 2 3 3 2 3 15 8 8 8 7 17 3 5 5 7 7 29 20 12 6 10 11 12 10 13 3 5 14 3 17 15 15 6 3 4 13 19 23 14 13 17
12 8 12 12 8 4 2 1 2 2 2 2 4 6 5 3 6 4 4 4 5 4 11 18 8 16 8 7 4 6 7 5 12 9 4 5 4 3 6 5 4 4 4 6 8 8 3 3 2 2 3 5 6 2 3 2 4 4 4 3 17 13 10 19 18 8 15 15 5 8 5 24 20 13 9 18 8 14 12 12 21 23 8 4 8 5 8 12 33 29 6 7 11 12 42 29
13 9 3 7 7 2 2 2 2 2 2 2 5 6 5 6 5 4 4 4 6 6 9 20 7 16 12 7 4 10 7 6 15 14 7 9 4 4 7 3 3 1 6 5 4 9 3 3 2 2 3 7 3 2 2 2 4 4 3 3 12 18 9 14 15 7 18 7 3 18 5 29 24 10 5 12 7 19 13 15 12 6 5 4 3 10 25 17 16 9 10 6 3 27 34 16
12 21 11 10 1 1 1 1 2 3 2 3 4 4 6 6 4 5 4 4 3 5 6 15 10 10 5 6 16 8 2 16 13 3 10 4 4 7 3 2 2 2 2 2 6 3 2 2 3 3 7 3 2 2 2 2 4 5 4 6 3 17 5 17 14 18 5 7 10 22 24 20 14 14 18 17 4 3 3 2 3 3 3 3 30 8 7 14 4 19 8 4 15 26 13 7
2 9 6 9 2 2 0 3 5 4 4 3 2 2 3 3 3 3 3 3 3 5 12 14 5 4 6 11 3 14 13 9 10 12 7 4 12 8 2 2 2 2 2 2 6 2 2 2 3 3 3 5 2 2 2 2 3 5 5 6 3 10 6 16 13 7 13 13 24 24 5 5 3 2 13 10 2 2 2 2 3 2 4 7 22 19 10 13 19 3 6 4 21 29 14 6
3 2 18 2 2 7 6 4 2 2 1 1 2 2 2 2 2 2 2 3 3 9 7 6 12 13 17 5 16 16 14 19 7 8 10 9 9 7 4 4 1 6 0 1 3 2 2 2 6 4 3 2 2 1 2 1 2 3 1 10 3 8 22 4 9 23 9 23 2 2 2 2 2 2 3 3 3 2 2 10 6 18 32 16 22 20 15 10 14 8 15 3 25 29 20 3
4 3 21 6 2 16 2 1 2 2 0 0 1 1 1 1 1 1 1 2 3 8 8 5 18 3 15 6 7 2 18 10 11 5 11 12 2 2 6 6 4 7 2 2 1 2 3 4 4 3 2 2 1 1 3 2 2 3 3 9 7 15 13 4 17 16 11 29 1 2 3 3 2 3 4 4 2 3 4 11 12 14 13 15 32 3 27 26 19 24 6 1 22 22 12 2
4 11 23 2 3 19 6 9 1 2 1 1 0 0 0 1 2 3 4 4 2 1 14 12 7 6 21 14 2 1 17 18 14 4 1 2 4 2 9 2 9 5 1 3 8 9 2 3 2 2 2 1 2 7 3 8 6 11 9 6 24 18 16 29 12 6 35 9 2 8 11 11 15 21 23 19 30 25 38 37 31 32 6 36 19 35 16 33 32 36 22 16 41 37 8 3
10 12 25 5 2 15 12 11 0 1 2 1 0 0 0 0 1 2 4 1 2 1 15 10 6 15 7 4 4 3 3 3 3 2 3 2 6 3 7 2 11 3 3 2 6 2 4 3 1 2 3 2 9 6 9 6 8 8 5 5 27 9 26 22 7 10 23 2 3 15 15 8 11 15 10 15 22 18 10 3 11 3 20 34 36 34 18 39 32 35 28 14 39 31 8 3
10 10 20 3 1 4 20 3 1 2 2 1 1 1 1 1 1 1 2 8 3 2 12 14 6 11 14 9 3 2 2 3 1 5 8 14 4 5 7 4 9 5 11 7 5 2 5 8 0 8 13 8 8 9 9 10 15 11 2 14 20 19 9 5 8 24 3 2 12 22 15 16 15 10 13 21 28 27 24 23 23 25 26 20 16 25 20 26 11 23 10 13 13 42 6 3
8 7 10 2 2 14 7 1 2 3 2 1 1 1 1 1 1 1 1 10 4 3 13 14 8 18 3 3 3 3 2 4 1 10 12 15 6 7 3 11 8 3 18 5 3 2 13 5 12 9 10 11 6 10 6 12 3 3 3 11 9 25 14 5 17 17 3 2 13 21 10 22 8 14 18 19 21 17 11 12 22 13 16 14 12 18 24 22 21 9 11 17 4 37 6 3
6 7 3 1 4 14 5 2 6 3 3 3 1 1 3 2 1 1 1 7 12 1 18 2 21 5 12 2 4 2 3 5 16 8 6 10 2 2 16 3 5 5 6 3 2 15 18 3 8 17 11 10 18 18 11 9 12 10 9 28 3 20 19 12 14 10 2 2 11 18 11 13 8 9 4 2 9 15 3 8 17 19 9 14 15 17 20 2 13 12 9 10 30 32 3 7
1 6 2 1 3 14 6 4 5 3 8 1 2 2 2 2 1 1 1 6 13 16 12 1 13 4 12 10 9 3 6 7 16 5 12 5 3 2 9 3 6 6 8 2 6 9 1 13 28 22 18 19 14 11 17 22 10 5 20 32 2 20 16 16 14 13 2 2 7 12 10 5 9 9 7 7 21 4 8 4 14 19 10 9 11 10 24 19 12 17 10 19 18 23 9 4
9 7 2 2 4 14 4 9 6 13 4 3 4 3 7 2 1 0 3 4 17 8 1 1 13 9 4 6 10 13 9 7 2 4 2 2 2 4 5 10 10 14 6 2 3 4 19 26 21 12 13 15 10 9 13 6 2 18 17 29 31 26 17 7 21 17 2 2 18 20 3 5 5 10 16 19 15 11 12 16 8 9 5 5 10 5 12 11 11 9 11 6 25 18 6 3
11 6 5 2 11 12 2 18 11 6 1 5 6 3 6 2 1 1 8 6 17 11 2 1 5 9 2 3 4 6 3 2 2 2 2 2 2 3 5 6 2 19 6 2 2 3 10 11 33 39 28 8 5 4 4 14 4 16 19 14 40 13 7 18 22 14 2 2 11 29 5 0 5 5 17 17 6 7 10 8 5 8 11 6 10 5 9 5 15 15 13 4 26 11 3 4
2 7 2 2 20 11 18 12 14 4 4 8 7 11 4 4 1 2 13 8 5 24 2 28 12 5 3 2 2 2 2 2 2 2 2 2 2 3 7 7 12 7 15 4 2 2 2 2 2 4 37 32 22 19 34 16 40 34 4 8 11 16 13 12 10 9 2 2 1 17 6 6 5 5 2 3 13 8 7 20 13 12 12 13 5 9 13 13 10 5 4 4 10 23 12 3
2 2 1 1 18 17 19 6 7 3 9 14 7 11 8 5 4 2 10 10 23 18 8 23 11 5 1 2 2 1 2 2 2 2 2 2 2 3 5 5 3 7 11 4 2 2 2 2 2 2 20 17 25 23 25 22 28 10 4 14 8 12 2 9 10 13 2 2 1 16 3 3 1 7 4 5 6 9 16 11 4 6 11 8 8 13 14 10 10 5 4 4 6 3 21 2
2 2 2 3 8 20 3 5 15 14 6 5 6 3 3 5 3 3 2 12 25 10 12 3 3 3 2 4 4 2 1 2 2 2 2 2 2 3 2 2 3 2 6 6 2 2 2 2 2 1 6 9 13 14 14 14 3 16 3 1 13 13 5 7 8 11 1 2 1 2 4 6 12 16 5 5 2 1 1 1 1 1 7 4 5 4 15 16 9 6 4 5 18 16 16 3
2 2 5 6 8 12 8 10 9 5 5 5 6 9 5 7 7 12 11 6 18 13 18 12 6 6 5 4 5 5 2 2 2 2 1 2 2 3 2 2 2 2 3 6 2 2 2 2 2 2 2 4 8 9 8 4 16 13 9 6 11 11 6 5 6 9 1 1 1 1 9 9 13 11 1 1 1 1 1 1 1 1 5 3 4 3 17 21 17 11 14 19 13 11 4 0
2 2 2 2 8 12 2 12 5 5 19 18 5 3 2 8 4 22 12 16 18 11 14 13 12 6 11 6 2 2 2 2 2 2 2 2 2 2 2 2 2 2 6 9 2 2 2 2 2 1 2 2 4 6 8 6 9 9 16 18 7 14 26 13 5 6 3 5 2 1 6 2 1 1 1 1 1 1 0 0 1 1 1 0 1 2 1 11 21 16 17 14 6 2 2 2
2 2 2 2 3 11 6 13 18 20 12 14 30 26 16 29 25 6 8 7 14 9 2 2 12 15 5 3 2 2 2 2 2 2 2 2 2 2 2 2 2 2 6 5 2 2 2 2 1 1 2 3 2 5 5 16 24 28 17 18 22 16 16 27 6 6 1 7 2 1 1 1 1 2 3 3 1 1 0 0 1 1 1 1 2 2 2 5 12 7 3 3 4 4 4 4
2 1 2 2 5 6 13 6 1 1 1 1 1 5 13 3 6 10 10 11 2 3 2 2 2 2 2 2 2 2 2 2 2 1 2 2 2 2 2 2 3 10 8 2 2 2 2 2 2 2 3 5 13 14 5 2 1 1 1 1 1 2 1 3 8 2 1 7 1 1 4 4 2 1 1 1 1 1 1 0 1 0 1 1 1 1 1 1 0 2 2 2 2 2 2 2
2 2 2 2 6 6 4 3 1 1 1 1 1 2 1 1 1 1 3 2 2 3 1 2 2 2 2 2 2 2 2 2 2 2 2 2 2 2 2 2 8 2 3 2 2 2 2 2 2 2 2 1 3 2 1 1 1 1 1 1 1 2 1 1 14 6 6 8 1 1 1 1 1 0 1 1 1 1 1 0 0 0 1 1 1 1 2 1 1 2 2 2 1 1 1 1
3 3 1 1 5 1 7 2 1 1 1 1 1 2 1 1 1 2 1 2 5 7 7 7 4 2 2 5 2 1 3 3 3 3 3 3 3 3 3 2 2 5 2 2 2 2 2 2 2 2 2 1 1 1 1 1 1 1 1 1 1 3 1 0 14 19 9 7 1 1 0 0 1 1 0 0 1 1 1 0 0 1 0 1 0 0 1 1 1 1 1 1 1 1 1 0
4 4 1 1 2 4 2 6 1 2 1 1 1 2 2 2 3 2 6 8 4 3 2 4 5 3 8 5 1 1 1 2 2 2 2 2 2 3 3 3 5 4 4 4 3 2 1 1 1 1 1 1 1 2 1 1 2 2 1 1 1 3 1 0 7 14 10 6 1 1 2 2 1 1 0 0 1 1 1 0 0 0 1 1 0 0 1 1 1 1 0 0 1 1 1 1
3 5 4 2 2 2 2 4 6 1 1 2 1 1 1 1 2 3 9 2 3 6 8 5 11 9 6 4 2 2 2 2 2 2 2 2 2 2 2 3 12 2 2 2 2 2 2 2 2 2 1 1 2 8 5 5 7 3 1 2 2 2 1 1 1 1 3 3 3 0 0 1 1 1 1 0 1 1 1 1 1 1 0 1 1 0 1 0 1 1 1 1 1 1 2 1
4 7 7 5 2 2 2 3 3 2 2 3 1 1 2 2 5 7 9 2 3 5 2 1 4 11 4 5 2 2 2 2 2 2 2 2 2 2 2 2 14 2 2 2 2 2 2 2 6 7 4 2 8 2 4 6 6 3 1 1 1 1 1 1 1 2 0 1 4 1 0 1 0 1 1 1 1 1 1 1 1 1 0 1 1 0 1 1 1 1 1 1 1 1 1 1
2 2 6 5 2 5 5 2 3 5 3 2 5 6 2 1 1 1 1 5 9 10 9 8 2 1 10 15 3 3 2 2 3 3 3 2 3 2 3 11 9 1 1 2 23 18 22 16 4 6 5 5 3 8 3 1 1 2 3 2 1 2 9 6 1 2 4 3 2 7 1 1 1 1 1 3 2 1 1 1 1 1 0 1 1 0 1 1 1 1 1 1 1 1 0 1
3 2 4 7 7 10 1 0 2 4 6 6 2 1 2 1 4 5 8 7 7 21 19 12 17 6 2 11 8 3 2 2 3 3 3 3 3 2 8 9 2 2 3 18 3 2 1 4 6 13 5 5 7 9 16 15 11 10 4 1 1 4 3 5 2 2 2 1 3 6 6 9 11 11 11 7 5 4 1 1 0 1 1 1 0 1 1 1 1 1 1 1 1 1 0 1
3 3 2 2 5 2 5 7 3 7 1 1 3 5 3 4 7 6 11 4 7 7 9 8 5 15 14 1 3 7 2 2 2 2 2 2 2 2 11 9 4 10 16 1 5 4 1 8 8 2 1 5 17 19 13 9 7 7 8 6 9 2 5 7 4 5 13 12 4 3 12 11 7 5 12 13 4 6 3 7 7 5 1 1 0 1 1 1 1 1 1 0 1 1 1 1
3 3 2 3 7 9 4 2 8 15 16 7 18 22 12 25 27 23 9 10 15 12 11 10 3 7 23 9 4 3 8 3 2 2 2 2 3 6 13 13 21 16 5 5 2 2 17 13 2 3 6 5 1 3 9 12 5 3 6 8 5 8 9 4 7 9 1 5 11 9 2 5 20 15 27 21 9 2 6 8 3 3 6 5 1 1 1 1 1 1 1 0 1 1 1 1
3 3 1 8 1 4 2 3 9 7 10 10 11 5 18 17 16 13 9 12 13 13 16 15 17 9 17 18 1 3 1 2 7 6 9 9 6 2 12 24 47 58 46 48 48 36 33 35 44 51 23 8 31 26 17 20 8 8 10 13 17 11 12 7 3 4 1 0 0 1 3 16 10 14 17 5 12 11 5 6 4 7 4 1 3 1 1 1 1 0 0 0 1 0 1 0
3 2 2 10 3 2 2 4 8 7 16 11 11 8 14 5 4 9 9 13 19 10 12 13 13 17 16 21 2 3 1 2 4 5 2 6 29 43 61 63 44 41 48 25 20 33 15 28 38 30 23 7 30 49 50 34 28 19 30 27 18 23 14 9 7 2 1 1 1 1 12 18 9 9 14 11 18 19 18 8 2 3 3 6 2 1 1 1 1 1 0 0 1 0 2 3
3 2 7 7 1 1 4 8 12 10 11 3 13 4 13 14 15 14 14 9 15 13 16 15 9 16 13 16 46 47 61 42 50 37 41 36 45 38 37 29 33 27 34 21 35 24 22 46 42 22 40 20 29 32 27 47 41 17 16 20 16 16 20 14 18 18 10 6 16 20 15 18 15 12 8 7 14 15 10 16 1 2 1 4 7 2 4 1 3 8 2 1 3 4 1 1
2 2 10 1 1 2 15 20 16 12 11 10 9 14 16 18 7 9 10 9 14 16 14 9 10 14 13 24 25 37 29 31 31 35 39 37 32 34 36 28 32 31 31 26 38 31 25 40 41 34 28 14 31 34 37 37 48 30 32 23 13 17 25 23 20 18 20 16 23 18 11 27 20 20 11 8 13 20 15 28 6 1 1 1 5 10 7 2 1 2 6 2 3 1 2 1
3 6 2 2 30 48 60 57 44 35 16 14 12 16 8 4 10 12 16 16 13 15 13 10 12 15 19 19 24 25 29 36 32 29 29 33 24 33 30 33 30 37 33 32 33 36 33 25 23 29 32 33 20 30 33 21 33 28 21 21 10 8 16 14 5 10 20 23 25 28 35 40 3 12 13 10 14 21 14 28 12 19 7 2 2 2 23 32 19 22 27 17 22 24 8 15
5 1 3 8 36 38 45 42 52 42 29 23 12 10 8 7 13 16 14 12 12 14 16 12 13 21 21 21 23 20 29 33 24 26 31 25 35 32 35 39 40 38 39 37 35 38 36 20 34 26 37 20 25 27 21 24 23 27 8 24 12 11 15 10 4 5 23 32 31 30 33 16 8 14 12 10 10 17 11 29 11 13 17 5 2 2 29 21 25 22 15 20 13 4 16 12
3 1 15 20 27 27 38 26 7 26 36 31 34 20 11 9 12 12 15 13 12 12 13 18 20 19 20 21 20 25 33 35 40 41 48 49 49 43 38 35 35 46 33 36 40 39 35 31 50 40 28 17 25 22 18 30 23 21 21 31 41 45 37 35 40 41 18 11 1 0 0 1 12 11 20 24 21 15 15 11 14 9 17 7 2 8 6 1 4 5 3 3 3 2 2 1
1 1 24 25 38 45 29 13 5 5 46 42 36 39 19 12 16 18 17 16 17 13 13 16 18 16 19 20 25 30 37 42 50 47 41 40 37 35 22 5 13 6 28 16 13 6 34 41 35 31 17 24 26 17 25 36 6 13 21 19 6 3 18 22 21 15 5 6 4 5 7 6 8 7 4 5 20 14 30 29 14 14 21 12 2 16 1 1 5 3 3 4 5 3 4 3
47 51 49 49 31 14 17 11 23 20 13 11 7 14 41 43 15 11 13 18 10 26 30 26 22 24 21 25 30 21 24 36 42 52 53 57 49 44 29 22 66 53 50 36 53 57 26 34 32 23 12 28 21 30 16 22 6 7 7 6 4 8 14 19 14 11 9 10 10 12 9 10 6 8 14 9 6 3 8 6 15 14 15 22 3 3 26 24 14 7 12 9 8 10 5 6
30 25 20 11 10 14 13 11 14 22 24 25 22 15 28 4 30 23 7 5 19 27 7 7 19 21 14 11 27 26 42 42 50 39 17 18 13 26 17 8 67 55 60 69 41 57 8 23 17 19 29 20 15 21 24 27 5 7 10 10 6 7 2 4 17 19 12 11 5 8 11 10 7 9 7 7 2 13 17 6 14 26 26 17 3 3 18 20 23 21 17 10 3 2 2 3
10 15 10 13 14 15 21 26 11 23 24 25 16 16 21 29 19 8 24 18 15 14 17 16 21 22 21 25 28 41 16 44 39 32 5 48 91 90 46 81 64 43 31 31 39 44 12 24 29 28 33 32 29 23 21 14 13 9 14 15 14 8 13 16 16 16 8 10 6 10 13 5 4 12 11 6 6 18 28 20 14 21 8 4 15 7 4 6 4 11 3 5 6 5 4 10
16 14 9 8 14 12 11 16 20 27 23 31 8 26 14 24 23 26 11 3 17 27 22 22 25 22 21 35 51 29 43 45 14 14 51 94 43 41 45 75 50 26 7 41 42 36 50 11 33 41 27 28 33 31 17 17 23 20 22 15 10 15 11 11 11 7 17 3 10 5 13 8 10 7 9 5 16 15 15 27 41 34 2 8 23 19 12 5 3 10 5 6 6 8 16 9
12 15 14 10 13 9 11 12 28 9 22 17 17 26 14 26 24 22 22 27 33 18 14 12 17 20 43 33 37 23 28 45 47 51 45 48 53 27 37 30 34 55 36 58 28 49 52 55 36 30 8 2 19 24 18 21 22 21 15 20 22 19 13 12 12 8 5 10 6 15 5 10 15 18 19 20 27 16 3 5 5 5 9 30 13 16 6 5 15 16 10 11 18 15 6 3
7 6 7 9 8 9 9 13 12 21 27 19 21 24 16 23 20 18 26 21 28 30 14 15 22 27 51 49 15 32 49 51 40 40 35 56 52 42 39 33 45 20 67 36 31 26 49 18 44 44 29 23 5 9 9 6 15 15 17 17 13 14 18 11 20 13 12 16 16 6 8 7 12 15 21 22 9 1 5 5 5 5 12 27 14 22 8 23 11 17 16 11 24 15 11 9
5 11 11 11 9 9 5 13 18 19 19 17 27 23 15 17 16 19 18 20 19 41 34 5 38 41 49 44 47 39 15 14 16 15 27 40 33 30 24 39 53 22 7 30 24 35 27 38 21 51 34 46 28 14 8 12 16 3 15 13 14 18 22 13 16 19 12 15 13 16 8 7 11 5 2 9 12 8 11 9 16 11 27 27 29 9 14 31 27 24 21 15 15 9 6 5
8 7 6 5 9 10 5 12 6 13 23 18 28 22 16 13 13 13 14 19 11 44 25 27 20 58 44 27 26 18 13 16 18 14 33 43 51 12 27 38 18 49 39 30 19 42 24 16 25 36 28 35 35 32 32 26 32 28 39 18 12 14 11 12 17 17 15 10 17 14 22 9 6 15 6 11 16 13 9 11 20 24 29 30 18 19 14 34 23 29 23 15 13 8 8 16
18 16 14 15 20 15 9 11 27 7 43 9 25 13 17 10 14 18 14 8 22 44 28 21 25 41 24 22 12 13 12 15 18 17 19 20 31 32 16 29 10 30 29 23 18 22 13 19 20 18 27 35 36 27 51 55 23 33 34 61 2 4 11 12 16 17 14 14 13 17 17 23 25 24 25 21 18 10 13 14 25 23 25 30 24 39 25 26 19 30 29 29 18 28 22 17
15 15 17 16 5 9 7 6 37 23 43 10 17 7 19 27 27 20 3 6 20 33 24 29 31 33 9 11 12 18 15 18 11 12 21 21 21 13 16 24 18 13 9 18 18 25 17 22 25 16 17 16 37 25 37 21 22 44 31 70 37 23 21 30 12 12 14 12 16 7 15 17 37 15 34 33 14 12 25 18 32 24 25 26 17 32 32 25 24 27 46 27 9 22 24 21
12 14 16 16 16 17 24 26 22 42 44 27 8 26 21 14 1 6 10 11 8 16 13 15 18 18 12 10 19 13 3 17 26 28 21 16 27 24 17 17 4 9 14 14 9 6 11 12 12 10 11 19 19 27 11 38 30 30 23 42 37 29 28 23 6 18 26 25 17 15 25 24 40 6 14 13 32 29 25 29 45 13 11 18 15 10 36 20 23 45 43 41 38 21 23 28
15 14 16 13 20 18 29 28 26 31 37 26 15 36 39 39 33 21 14 10 8 9 27 14 23 9 9 15 25 8 24 32 15 16 17 7 21 18 18 16 10 8 13 11 22 16 8 10 10 10 11 13 19 21 21 27 16 12 32 35 29 17 35 29 23 26 12 18 13 13 13 13 30 4 22 20 21 36 18 42 47 32 21 17 12 6 20 19 24 33 23 49 21 19 21 24
15 15 16 18 13 13 13 12 11 11 7 10 7 5 20 17 25 30 19 19 26 16 12 11 7 21 17 7 15 20 18 12 7 7 7 4 9 9 9 8 7 7 8 10 11 12 15 10 21 19 15 12 5 28 19 8 22 29 11 19 49 42 20 31 27 37 12 18 16 18 13 15 19 17 20 24 7 4 18 22 11 35 32 13 23 26 25 26 31 36 37 13 20 24 32 35
12 11 11 13 13 10 6 10 13 11 6 9 7 6 14 15 17 19 20 18 17 23 15 11 12 16 18 18 12 11 9 7 6 4 7 7 7 7 8 8 7 7 8 8 7 8 8 8 21 28 16 11 24 24 14 21 26 9 15 16 22 15 11 8 21 40 16 8 15 14 22 12 19 32 18 15 17 9 12 19 55 10 30 44 20 26 27 11 22 28 41 10 17 25 27 31
4 4 8 5 5 4 8 8 2 4 5 11 8 8 8 8 11 10 10 11 18 17 10 10 12 7 6 11 9 7 5 5 5 4 6 6 6 6 7 7 6 6 7 7 7 8 8 8 7 7 9 8 13 19 33 15 31 31 46 33 25 22 14 21 25 43 24 18 11 13 8 1 3 13 18 24 13 9 13 7 11 26 8 44 52 32 10 15 12 17 37 7 25 16 23 21
5 3 7 3 3 4 7 8 11 6 5 5 9 9 7 3 2 8 10 10 5 10 11 13 2 6 9 6 8 7 4 4 4 3 5 6 6 6 6 6 5 5 6 6 7 8 8 8 7 7 8 8 8 13 21 29 16 24 40 16 22 6 12 18 21 45 37 34 27 15 22 15 10 10 15 15 12 13 10 28 51 29 40 35 13 41 16 11 7 7 33 6 27 11 9 5
5 4 5 5 6 6 3 8 4 4 4 4 7 4 4 2 5 3 5 6 5 3 1 1 2 4 16 0 4 4 4 3 3 3 3 4 5 5 5 6 5 5 6 6 8 8 8 7 6 7 7 6 7 9 12 13 10 9 15 16 28 44 45 28 16 31 17 49 23 46 14 16 54 49 18 12 24 19 26 46 42 55 62 17 5 17 20 20 16 13 18 18 14 37 68 69
3 5 4 3 3 3 3 3 5 5 3 5 3 3 3 1 1 3 3 5 5 5 2 1 2 5 19 2 6 3 3 3 3 3 3 4 5 5 5 5 5 5 5 5 7 7 7 7 7 7 7 6 7 7 9 9 10 4 13 14 16 25 48 57 49 50 42 28 34 31 13 14 21 31 49 32 37 26 40 25 19 24 47 57 31 41 16 42 50 2 15 21 36 63 59 68
1 3 4 4 4 4 5 11 9 6 6 5 7 5 8 11 10 7 8 4 11 7 10 30 32 20 21 3 6 3 3 2 2 2 3 3 4 5 5 5 5 5 5 6 7 7 7 7 6 6 6 7 6 6 7 7 5 7 10 11 13 14 21 25 30 29 38 47 40 32 46 40 38 5 50 27 29 35 18 38 40 21 16 41 25 31 36 47 59 49 51 50 47 60 39 34
2 3 1 1 3 4 3 4 7 5 6 5 5 2 9 14 12 8 15 12 15 8 21 24 6 7 21 7 6 4 2 1 1 2 2 3 4 4 5 5 5 5 5 5 6 7 7 6 6 7 7 7 6 6 7 7 6 6 9 10 11 12 16 24 19 17 22 13 13 16 26 40 34 26 45 33 15 28 35 29 27 29 18 49 32 39 41 42 44 49 61 34 44 57 30 35
3 3 1 1 3 1 3 8 3 2 10 8 3 2 5 4 3 3 3 10 14 12 32 17 14 10 7 13 4 5 4 1 1 1 2 2 3 4 4 4 5 5 5 5 6 6 6 6 6 6 6 6 6 4 5 4 6 6 8 9 9 10 10 10 15 16 15 16 23 20 34 34 22 39 18 16 23 15 14 27 17 12 20 20 28 36 9 12 28 28 17 31 32 39 28 25
2 1 1 1 3 5 4 12 26 23 15 5 2 10 5 3 1 1 4 4 10 12 13 6 5 8 5 5 7 8 3 1 1 2 2 2 3 3 4 4 4 4 4 4 6 6 6 5 6 6 6 5 5 4 4 4 7 7 7 7 9 9 9 9 9 11 14 12 17 16 20 24 31 27 23 26 26 28 20 24 16 17 10 14 23 18 34 22 39 34 19 33 22 26 16 17
