data/landfire/ASP2020.asc
ncols        216
nrows        218
xllcorner    -1940985.000000000000
yllcorner    1261215.000000000000
cellsize     90.000000000000
NODATA_value -9999
[rows 90 to 134 of 218, columns 96 to 191 of 216]
171 160 216 220 199 115 141 134 137 131 131 96 265 287 340 339 293 11 344 243 258 285 9 5 293 297 346 304 265 276 282 273 271 1 59 55 68 96 96 68 32 49 111 105 104 95 60 263 261 259 294 43 338 82 283 290 6 77 56 283 283 288 328 56 85 82 284 282 346 323 61 350 342 278 79 75 89 80 10 285 260 100 63 -1 271 290 49 260 52 48 193 249 276 264 47 61
322 304 249 221 207 193 34 28 23 48 284 2 252 243 272 347 309 330 353 347 293 293 296 22 299 314 331 343 276 270 236 239 245 249 58 65 74 82 107 92 81 77 38 30 27 37 72 275 278 287 325 6 59 50 287 254 -1 51 68 271 264 281 65 99 91 63 335 280 263 294 359 318 37 69 94 354 69 3 36 276 45 60 92 336 266 271 61 315 11 28 310 256 237 242 33 40
325 15 202 196 208 208 39 51 83 83 289 299 295 258 204 230 302 326 350 2 283 300 264 358 296 299 331 339 308 249 272 251 246 246 64 67 75 77 92 120 93 113 124 111 111 95 70 253 243 253 311 67 51 61 271 247 278 72 52 274 269 274 97 94 51 61 286 303 285 308 36 136 110 86 336 345 9 21 53 258 89 112 76 284 295 290 43 13 11 58 332 305 278 272 19 32
346 32 328 312 256 218 193 72 55 84 293 272 256 296 330 303 298 288 345 29 304 261 300 293 19 267 284 333 355 352 262 255 279 288 64 64 72 80 86 85 113 77 62 20 34 40 42 292 297 284 109 135 164 105 276 275 321 49 35 256 257 275 63 48 52 15 251 255 279 275 118 105 140 70 225 78 86 99 264 273 104 91 30 261 239 245 35 57 294 309 318 18 290 255 308 24
12 26 350 307 6 275 229 -1 76 61 283 301 259 257 296 290 312 307 335 24 6 272 311 307 18 299 306 317 330 351 327 275 275 291 56 64 61 53 55 61 132 111 39 39 107 110 324 287 297 302 83 95 148 124 252 237 237 40 49 290 271 274 88 105 345 1 336 267 233 167 115 152 -1 57 190 167 90 102 264 227 60 358 58 60 252 264 120 93 263 287 310 352 290 296 281 43
269 334 343 2 24 5 254 153 100 91 276 278 224 252 258 258 293 310 315 343 28 13 275 304 357 357 277 286 294 332 30 329 275 275 80 81 57 59 70 56 28 40 102 100 10 19 282 305 314 80 110 114 348 323 284 262 315 45 20 285 244 -1 59 48 340 344 8 36 172 143 72 192 144 154 152 167 137 -1 336 344 330 47 63 68 250 234 286 5 269 251 344 255 279 277 259 84
279 313 338 32 354 25 279 64 53 40 254 258 295 267 246 254 280 303 320 327 46 26 260 268 348 1 273 253 283 328 11 347 266 267 83 90 81 70 44 17 59 84 62 41 2 56 271 285 14 74 63 50 334 338 347 250 270 34 339 285 272 275 66 34 316 358 76 91 319 342 44 62 154 141 140 148 333 336 297 15 165 135 77 78 277 276 262 12 18 233 292 301 269 243 229 193
311 272 31 29 25 32 51 293 27 43 25 277 224 227 219 234 248 235 276 295 355 19 306 257 255 320 349 299 297 316 316 322 329 311 51 40 41 44 60 78 75 77 110 122 115 80 301 318 46 68 80 345 324 35 46 273 271 77 33 285 275 310 14 11 122 113 339 346 54 123 115 146 110 52 309 344 290 347 335 75 86 141 117 315 292 319 269 53 35 294 310 255 195 210 218 197
348 278 10 357 32 34 33 24 31 34 23 354 229 216 246 262 236 228 291 302 336 359 322 316 254 244 330 316 301 295 310 296 349 60 105 86 76 78 90 102 120 103 87 95 43 327 311 318 90 105 353 347 317 28 37 264 256 103 314 275 269 284 87 92 14 345 337 80 103 70 111 127 338 331 305 304 293 317 121 123 123 107 310 282 307 300 311 22 25 296 330 305 193 197 201 181
317 348 306 6 72 71 32 42 283 327 347 14 343 357 246 238 244 242 254 262 291 330 352 304 308 270 280 276 300 319 311 321 82 90 127 148 115 130 120 116 115 122 34 5 335 338 323 26 79 319 359 350 324 44 61 285 302 77 262 291 281 349 58 57 298 351 107 112 157 172 1 314 313 323 334 307 35 112 112 125 345 337 6 12 245 264 249 30 35 317 61 69 149 158 160 160
262 331 304 35 54 38 77 77 274 293 351 28 339 30 241 243 234 234 224 211 232 281 358 307 346 358 277 276 275 289 300 304 102 101 90 128 122 115 120 115 107 20 344 14 304 336 32 99 355 308 5 2 354 62 41 319 37 56 296 248 293 32 72 68 246 116 117 102 11 28 315 338 324 319 326 327 122 131 106 331 337 341 12 4 252 224 235 259 46 44 115 96 -1 -1 138 141
290 306 304 51 71 78 80 82 293 266 234 27 1 13 1 307 262 278 290 265 258 238 244 279 306 7 317 311 290 298 353 85 108 108 107 107 100 95 10 10 5 307 0 37 270 278 79 63 335 2 312 37 65 69 334 15 10 355 20 291 353 82 73 94 193 140 85 306 33 16 329 358 320 301 132 120 127 108 314 338 295 338 348 338 49 267 256 216 69 34 53 48 84 -1 327 349
254 275 337 80 111 104 93 74 274 283 299 326 6 356 15 3 262 260 304 311 235 231 236 235 260 323 315 311 295 293 78 101 95 107 117 109 103 69 327 28 340 320 354 41 272 274 70 319 341 1 336 70 66 56 312 23 11 339 23 289 44 49 79 92 148 149 89 281 43 4 332 342 317 43 115 137 345 339 315 350 298 291 349 26 45 274 223 214 79 80 73 61 73 297 297 338
247 248 76 81 49 31 28 47 263 272 312 303 357 353 26 29 272 263 247 250 308 327 295 296 317 287 315 324 281 228 109 108 108 110 86 22 355 6 14 40 329 7 326 19 288 256 59 282 319 2 41 21 356 11 317 3 353 346 32 304 32 54 7 40 83 343 315 325 287 8 314 336 117 115 69 22 1 296 327 36 358 292 4 8 40 358 273 350 54 44 36 125 58 285 284 286
230 216 77 40 28 26 36 56 245 240 236 264 336 0 14 23 289 275 278 272 283 321 291 292 330 306 207 197 194 165 111 101 64 37 16 336 359 5 20 41 337 14 330 15 2 267 59 288 292 14 31 41 327 5 333 356 342 0 10 315 41 46 94 104 15 325 311 293 287 350 282 120 119 121 39 323 17 310 2 47 334 295 329 7 32 9 275 342 69 82 89 95 54 293 259 244
263 249 243 -1 33 24 38 36 271 272 280 276 257 310 37 12 29 251 243 248 265 254 231 210 168 165 186 204 267 284 40 53 65 57 346 346 5 19 79 71 335 356 357 10 350 333 60 278 279 355 48 52 347 352 290 2 26 66 326 25 96 81 58 353 329 292 29 322 343 304 67 84 82 304 4 334 343 310 63 17 297 315 101 165 73 71 208 207 81 97 207 82 193 276 293 271
256 256 234 213 34 33 43 58 275 235 223 221 233 238 40 355 37 27 247 242 212 194 188 178 201 287 334 329 284 286 72 76 42 2 352 2 34 82 92 354 335 356 359 21 357 356 65 283 267 328 55 38 344 6 286 338 30 15 330 44 53 38 10 340 346 278 34 355 336 324 100 98 315 297 1 7 337 330 78 339 270 293 134 166 112 102 204 223 85 99 159 141 247 268 325 295
33 258 244 258 119 119 123 101 326 2 271 282 274 259 169 295 56 52 224 198 193 207 270 272 286 285 346 351 283 246 74 58 349 345 78 96 81 5 335 341 337 25 63 336 27 49 56 323 279 281 18 22 17 37 283 316 2 25 52 77 70 93 332 321 33 290 29 324 301 75 93 6 293 303 329 354 38 69 16 354 284 97 102 172 31 37 69 211 120 91 133 156 270 261 277 307
50 305 276 280 64 67 108 92 289 352 275 249 236 219 202 193 88 76 287 296 304 302 302 304 289 267 339 36 187 191 79 37 346 0 77 46 351 345 320 333 357 50 354 336 27 50 30 10 266 279 9 24 33 34 256 291 11 44 107 116 105 74 323 336 55 299 338 340 133 130 359 335 313 293 308 329 44 9 36 341 279 96 96 173 234 47 68 149 341 25 126 224 254 245 233 255
30 357 317 297 75 75 60 315 242 239 21 341 197 182 234 266 11 13 6 273 287 299 304 302 325 348 -1 87 153 189 193 233 0 19 30 42 321 349 317 330 26 30 337 342 8 16 31 19 265 259 351 23 43 47 283 259 34 62 44 46 15 309 358 43 53 322 65 97 23 346 317 329 340 334 237 182 344 62 97 118 170 155 98 104 192 196 122 72 212 137 142 217 275 249 220 198
39 28 288 326 64 69 346 304 343 258 318 353 283 295 308 273 353 30 14 296 262 265 278 282 305 354 79 92 110 202 209 244 295 11 33 33 317 2 320 337 25 34 340 342 352 19 25 22 296 262 319 35 50 39 328 279 44 57 68 73 319 310 25 57 33 339 56 46 356 329 304 331 338 4 151 228 138 110 109 122 155 169 151 130 195 191 171 108 217 201 83 270 -1 243 214 263
0 18 275 276 62 66 313 6 324 9 233 285 294 270 289 313 332 9 11 356 293 277 270 261 261 246 88 90 92 196 199 201 221 217 40 24 335 351 337 345 20 15 351 12 358 15 28 24 346 317 304 19 39 355 325 332 55 66 35 34 303 313 84 80 327 323 358 355 346 322 324 326 344 43 70 176 156 113 115 103 47 347 333 358 60 147 57 154 207 160 265 268 226 257 245 236
343 19 287 315 91 63 305 7 294 2 276 265 352 266 258 262 327 5 7 13 302 309 287 290 299 338 64 73 86 155 199 208 228 227 308 11 330 350 337 346 27 9 353 20 8 15 22 40 326 344 316 13 24 4 319 346 55 58 30 51 316 342 59 64 325 327 357 358 349 335 340 322 328 43 56 65 158 143 131 117 329 7 318 62 46 346 7 30 24 113 235 170 222 213 237 232
237 100 358 19 355 6 310 334 352 307 334 323 18 32 240 234 221 209 22 24 287 288 326 309 61 117 122 109 83 63 200 239 246 240 195 166 219 181 138 180 154 176 291 352 0 4 47 43 315 336 304 26 5 24 312 337 48 36 44 16 345 40 50 343 305 311 353 5 2 21 342 339 31 78 61 64 65 66 314 321 11 40 3 41 36 298 50 345 24 40 255 264 10 317 257 231
200 167 235 333 353 8 352 318 356 331 320 325 37 25 281 288 252 243 359 358 300 286 305 303 108 113 131 126 158 99 238 266 296 264 166 169 195 170 121 172 181 208 167 249 356 6 36 21 337 319 312 8 16 27 320 342 47 50 13 17 359 50 8 346 317 308 337 6 6 18 357 32 113 120 83 94 64 13 316 309 52 17 43 69 11 297 41 321 64 75 224 246 7 306 307 254
163 165 201 217 159 163 177 238 337 335 346 279 18 343 336 293 284 304 295 303 254 195 184 200 120 107 108 127 179 138 229 209 209 198 159 181 160 156 111 131 207 205 212 214 264 323 25 12 13 304 122 155 160 163 227 130 54 30 4 20 42 57 332 356 315 301 334 75 126 106 112 118 93 88 84 48 336 8 304 336 63 119 144 120 26 70 156 122 68 50 65 253 269 230 119 177
163 181 239 196 151 172 197 247 281 316 2 317 345 340 348 322 276 269 286 245 164 172 200 212 130 118 104 113 177 146 220 208 226 169 169 180 154 173 123 118 201 210 201 217 237 242 78 100 138 205 105 131 161 177 208 160 62 30 39 37 72 50 330 0 326 306 72 100 135 135 102 105 102 37 28 18 327 11 331 129 104 101 161 162 166 89 175 129 142 135 119 253 257 96 162 253
267 278 133 164 147 195 244 204 196 214 261 325 311 334 355 353 348 286 152 124 141 167 212 199 126 115 130 114 205 132 198 195 198 143 150 194 155 210 148 126 247 237 207 239 250 181 112 130 147 203 86 78 171 218 198 134 196 181 98 152 335 334 316 21 320 334 58 49 18 28 78 44 355 17 49 351 313 60 48 43 15 1 51 54 173 161 135 162 130 76 251 212 217 244 100 198
278 269 134 148 174 259 204 178 238 247 220 232 295 304 64 74 234 317 127 98 122 170 211 191 127 117 121 124 190 155 188 192 190 157 116 195 183 201 161 139 219 211 220 242 228 142 82 86 158 211 95 81 125 204 203 137 196 192 130 106 258 262 -1 128 257 300 47 47 8 45 29 357 33 42 357 1 325 39 60 82 345 8 37 39 26 15 5 10 341 16 206 160 246 251 53 144
176 139 153 168 225 197 209 234 238 224 226 211 241 196 125 151 191 182 177 176 110 146 203 155 145 97 96 106 166 214 228 228 169 148 128 141 209 158 166 239 260 247 257 259 171 127 145 109 169 204 155 138 104 187 180 146 241 213 176 208 160 175 149 152 191 202 58 42 23 22 12 15 17 23 20 27 105 86 11 17 354 13 55 40 15 43 133 170 91 111 71 75 210 226 106 64
142 133 263 313 327 318 304 302 314 311 281 257 242 187 97 125 179 177 198 170 104 131 201 159 173 101 66 74 158 202 213 192 153 158 145 124 194 146 235 253 223 233 253 260 143 129 169 115 162 185 143 162 103 176 189 138 229 178 195 211 141 182 148 172 199 220 195 16 34 19 23 19 47 72 116 126 125 56 26 41 68 109 85 83 93 115 123 162 119 123 122 87 241 224 191 87
131 218 277 265 296 327 358 299 250 283 308 333 288 -1 62 47 41 136 195 159 130 109 188 181 205 187 104 113 90 204 200 197 129 115 137 158 180 235 288 288 304 293 261 235 115 142 174 151 131 171 129 125 133 233 185 162 176 165 248 119 119 171 161 187 220 204 239 244 36 27 28 57 75 52 38 47 160 183 139 88 52 39 36 34 35 42 34 35 12 31 4 350 -1 238 269 336
191 288 294 297 258 263 359 337 294 282 289 320 319 356 34 21 43 50 190 182 143 96 187 182 220 190 90 86 111 196 201 209 0 64 124 141 277 281 289 293 286 291 295 15 103 120 168 163 124 174 200 82 170 249 74 171 169 215 237 134 101 143 189 243 253 255 274 255 229 12 54 78 48 27 59 36 53 151 176 168 41 30 59 77 123 133 122 138 145 158 339 359 49 225 218 209
277 261 238 226 224 188 221 234 264 233 192 183 203 233 34 25 50 58 62 128 173 180 197 204 166 172 121 112 88 110 261 254 178 125 103 171 255 248 214 204 206 206 219 150 85 74 68 120 138 188 205 136 253 261 63 66 204 211 199 163 105 91 245 239 256 260 202 222 219 161 77 69 75 78 94 106 98 84 91 185 148 119 59 51 46 31 54 51 97 142 191 183 93 95 256 227
235 249 209 199 193 179 228 223 182 186 179 173 229 234 -1 49 73 69 61 66 153 186 175 214 142 157 110 110 94 112 231 216 143 140 115 221 217 204 196 197 211 208 210 184 70 62 40 40 117 172 197 144 246 244 98 71 174 197 212 167 175 111 226 236 234 165 205 209 200 158 112 100 113 128 141 176 58 32 67 118 171 116 161 67 27 23 30 25 65 65 65 173 125 101 215 254
235 191 175 215 245 236 223 204 143 202 195 185 223 196 209 165 84 62 36 44 72 83 203 218 203 99 131 75 72 91 235 237 119 121 259 270 310 316 325 318 316 312 293 282 42 51 49 44 52 65 166 156 236 208 125 151 103 165 200 176 159 138 255 245 191 170 214 206 212 196 108 102 88 96 115 156 160 149 126 102 199 114 169 159 179 95 104 76 19 54 34 40 46 240 321 296
280 302 311 251 214 225 190 192 158 201 189 203 225 185 218 184 90 94 101 95 85 83 215 194 197 175 169 101 58 70 237 205 124 113 276 265 260 275 305 313 305 295 223 237 56 54 77 87 87 62 31 76 189 194 129 174 90 110 206 163 146 171 231 219 181 193 218 228 239 215 88 92 64 55 57 62 144 146 134 112 192 150 103 143 176 138 108 173 69 37 19 23 70 96 244 316
294 325 307 350 7 323 303 290 298 336 259 222 230 238 204 154 134 128 133 121 110 114 95 201 197 167 123 180 104 111 243 126 128 227 244 252 259 254 195 177 189 182 231 232 125 125 75 63 51 0 44 51 93 212 148 200 140 65 202 140 174 258 273 266 315 325 315 243 206 160 120 94 103 91 41 38 62 75 63 62 100 171 127 120 147 154 187 87 235 265 14 42 61 284 263 276
268 288 320 327 18 315 353 276 281 308 328 339 242 221 220 143 94 94 115 120 91 50 29 62 186 151 150 155 91 85 206 140 142 263 281 272 265 253 165 175 226 252 280 274 53 64 108 93 19 359 63 69 53 188 179 185 209 94 193 154 277 274 268 267 283 305 6 315 191 133 145 107 78 92 104 84 64 9 12 19 31 27 89 74 140 136 194 142 188 206 155 91 73 85 231 202
284 272 311 331 342 345 350 9 259 265 297 302 286 329 295 312 38 37 39 15 8 5 29 46 96 108 170 209 132 100 190 157 262 217 223 217 208 181 250 270 229 207 207 200 160 116 83 70 178 127 130 119 83 65 173 197 200 135 110 248 261 259 244 238 232 215 183 189 62 72 115 161 142 90 32 25 347 354 43 22 357 32 359 23 27 42 5 11 184 185 164 173 105 60 222 263
310 268 274 308 344 353 344 356 314 316 264 276 278 307 290 270 47 57 11 10 7 6 39 50 18 17 54 188 173 88 285 318 339 335 215 206 196 176 268 242 183 187 201 199 175 141 122 115 147 140 124 123 100 74 40 152 193 164 136 259 244 231 243 229 223 187 193 223 17 78 78 75 156 178 45 21 86 157 22 22 6 38 353 51 5 24 63 83 15 56 18 112 23 6 238 235
289 315 288 285 348 1 344 349 344 278 315 226 202 209 247 254 350 356 8 30 54 73 50 46 62 75 37 27 204 145 269 276 277 353 302 304 318 328 321 317 320 319 326 307 294 42 14 9 3 23 43 58 30 31 11 28 109 182 240 239 218 220 206 209 189 188 228 218 198 76 11 38 57 85 158 120 127 132 149 160 181 195 94 88 59 69 348 26 102 148 115 93 141 206 310 268
272 282 265 270 334 357 353 358 110 179 147 149 194 221 255 249 287 320 56 77 84 90 96 71 57 56 13 28 27 79 233 227 254 265 304 283 293 305 322 318 329 326 356 280 297 341 8 2 9 27 57 36 23 26 21 49 58 102 244 221 218 221 212 205 195 208 224 235 230 42 46 73 82 85 167 123 143 129 123 156 193 198 120 135 134 86 136 126 103 139 185 91 266 289 6 283
266 254 274 253 191 147 133 160 124 170 158 138 242 216 198 208 203 176 100 99 125 132 36 63 70 68 106 111 88 37 255 244 215 191 231 244 223 227 220 201 175 192 190 250 264 274 339 2 31 41 11 10 28 42 38 22 49 60 255 278 309 309 321 307 246 240 238 245 179 182 116 130 102 67 41 39 70 84 103 91 184 200 123 103 154 210 104 120 149 139 185 133 288 293 226 284
296 289 209 191 169 155 119 151 120 161 171 158 213 197 211 213 194 189 62 62 96 144 95 92 83 80 54 44 21 13 248 259 182 187 229 211 207 220 205 169 191 189 247 274 273 272 323 33 55 39 14 17 43 50 17 26 74 80 231 258 284 300 313 338 334 285 245 231 113 180 133 124 144 144 70 66 85 81 116 104 169 191 152 112 191 194 111 115 107 162 179 170 285 283 297 309
