data/landfire/ASP2020.asc
ncols        216
nrows        218
xllcorner    -1940985.000000000000
yllcorner    1261215.000000000000
cellsize     90.000000000000
NODATA_value -9999
[rows 135 to 179 of 218, columns 0 to 95 of 216]
-1 -1 -1 -1 -1 -1 -1 270 -1 -1 238 -1 -1 -1 263 -1 -1 -1 -1 -1 204 185 149 109 -1 234 147 -1 -1 -1 -1 112 98 221 145 93 -1 -1 -1 240 201 106 -1 229 210 193 202 190 196 219 262 268 232 190 112 126 215 93 69 226 146 244 202 153 145 175 241 254 233 169 247 284 346 327 345 308 257 230 202 212 226 230 271 279 276 300 345 318 278 299 6 28 316 338 309 304
-1 -1 -1 -1 -1 -1 -1 272 -1 -1 241 -1 -1 -1 -1 -1 -1 -1 -1 -1 -1 -1 148 152 -1 207 187 -1 -1 -1 -1 107 85 -1 186 97 -1 -1 286 -1 221 -1 -1 223 -1 191 195 195 250 206 245 232 214 193 98 132 193 161 82 192 197 255 142 157 147 166 230 221 195 153 253 255 299 328 331 314 331 312 326 280 225 228 248 248 211 191 161 134 200 205 199 18 279 303 301 -1
-1 -1 -1 -1 -1 -1 -1 -1 -1 -1 -1 -1 234 274 -1 -1 -1 -1 -1 -1 169 173 -1 -1 -1 -1 -1 -1 178 177 160 107 -1 -1 214 -1 -1 -1 247 245 216 136 111 251 -1 70 201 220 209 169 218 252 205 144 126 107 193 184 114 145 251 241 139 108 274 302 358 347 294 279 263 258 275 306 304 271 270 282 308 294 319 307 222 198 168 221 206 103 241 203 272 288 184 194 176 127
-1 -1 -1 -1 -1 -1 -1 -1 -1 -1 -1 -1 212 228 -1 -1 -1 -1 -1 -1 -1 -1 -1 -1 -1 -1 -1 -1 -1 -1 194 101 -1 -1 208 172 -1 -1 263 273 -1 144 -1 265 -1 62 199 210 228 158 273 260 196 81 155 118 195 204 108 202 219 210 128 113 279 285 311 359 281 269 266 247 230 235 295 273 278 285 310 306 304 331 245 200 198 252 130 96 196 184 220 222 133 162 175 139
-1 -1 -1 -1 -1 -1 -1 260 28 -1 -1 -1 59 238 156 184 -1 -1 140 171 157 117 -1 -1 -1 -1 -1 -1 -1 -1 113 113 -1 -1 -1 -1 -1 -1 238 221 95 116 251 242 -1 83 -1 221 177 237 217 216 213 149 86 144 230 192 121 227 272 276 109 224 247 232 257 280 332 335 287 289 268 265 301 295 280 266 257 231 167 183 306 339 318 312 131 118 205 241 224 215 136 103 199 164
-1 -1 -1 -1 -1 -1 -1 245 -1 88 -1 296 79 233 178 -1 181 192 108 -1 -1 -1 163 183 176 -1 -1 -1 -1 -1 100 124 -1 -1 -1 -1 -1 -1 241 218 109 113 274 267 -1 81 -1 -1 221 212 221 200 212 159 123 128 220 189 152 254 281 266 108 244 193 187 260 255 279 293 283 252 229 216 211 233 244 237 205 160 163 222 256 278 304 296 75 62 208 216 210 213 142 103 192 172
-1 -1 -1 -1 -1 -1 -1 -1 161 -1 -1 -1 -1 -1 -1 -1 -1 196 -1 -1 -1 -1 107 -1 245 -1 -1 176 190 161 101 242 163 -1 -1 -1 -1 -1 231 -1 112 -1 250 -1 213 -1 76 178 195 228 215 256 -1 76 147 193 188 162 283 254 215 181 212 226 270 259 175 202 206 208 275 262 212 216 240 226 214 195 163 131 247 260 253 242 170 147 182 108 80 159 243 223 139 140 98 183
-1 -1 -1 -1 -1 -1 -1 -1 -1 -1 -1 -1 140 -1 -1 -1 -1 187 -1 -1 -1 -1 -1 -1 -1 -1 -1 -1 171 168 128 -1 -1 -1 -1 -1 -1 -1 -1 -1 129 -1 -1 -1 215 -1 79 -1 -1 232 257 238 188 117 162 -1 191 259 290 268 204 170 232 260 244 195 273 303 322 326 285 329 305 304 242 183 213 175 169 125 235 236 236 208 150 144 192 148 103 173 211 207 125 138 129 139
-1 -1 -1 -1 -1 -1 -1 -1 -1 -1 -1 -1 -1 -1 -1 -1 -1 -1 -1 -1 -1 -1 -1 -1 -1 -1 -1 131 -1 -1 -1 -1 -1 -1 -1 -1 -1 -1 -1 -1 -1 -1 -1 159 206 158 113 102 269 263 -1 152 166 146 -1 309 307 282 -1 -1 148 116 307 307 291 273 291 256 252 267 304 294 -1 137 154 198 198 146 170 159 242 231 199 185 149 152 191 167 97 104 209 242 145 83 82 100
-1 -1 -1 -1 -1 -1 -1 -1 -1 -1 -1 -1 -1 -1 -1 -1 -1 -1 -1 -1 -1 174 -1 -1 -1 -1 104 146 -1 -1 -1 -1 -1 -1 -1 -1 -1 -1 -1 -1 -1 -1 -1 -1 196 153 130 -1 263 268 -1 -1 141 220 302 304 -1 -1 -1 -1 119 212 257 251 266 283 299 305 266 229 222 218 142 123 153 249 149 135 178 251 228 220 193 183 148 166 190 173 109 101 243 245 172 100 81 99
-1 -1 -1 0 -1 -1 -1 -1 -1 -1 -1 -1 -1 -1 234 -1 -1 -1 -1 -1 -1 -1 -1 -1 -1 -1 97 -1 -1 -1 -1 -1 -1 -1 -1 -1 -1 -1 -1 114 -1 -1 -1 -1 180 168 -1 254 -1 246 -1 97 233 268 -1 -1 -1 -1 -1 145 193 224 163 200 267 263 266 257 167 168 210 212 108 117 238 215 145 136 225 236 229 186 198 159 169 215 197 172 110 120 243 235 184 143 71 53
-1 -1 -1 -1 -1 -1 -1 -1 -1 -1 -1 -1 -1 -1 -1 -1 -1 -1 -1 -1 -1 -1 -1 -1 147 175 98 -1 -1 -1 -1 -1 -1 -1 -1 -1 -1 -1 69 78 -1 -1 -1 -1 -1 -1 -1 238 215 224 151 114 263 252 -1 -1 -1 -1 148 114 -1 -1 182 237 246 246 230 211 150 159 212 216 116 100 218 196 134 158 254 262 186 178 179 159 213 253 206 161 114 141 229 212 179 134 134 122
-1 -1 -1 -1 -1 -1 -1 -1 -1 -1 -1 -1 -1 -1 -1 -1 -1 -1 -1 -1 -1 -1 166 166 -1 -1 -1 -1 -1 -1 -1 -1 -1 -1 -1 -1 275 -1 -1 84 -1 -1 -1 83 -1 -1 -1 -1 -1 -1 -1 300 275 -1 -1 -1 -1 -1 153 273 318 334 4 16 227 217 197 187 148 205 205 198 156 123 234 214 188 284 255 202 174 216 147 219 257 252 284 11 23 46 200 218 208 171 26 47
-1 -1 -1 -1 -1 -1 -1 -1 -1 -1 -1 -1 -1 -1 -1 -1 -1 -1 -1 -1 -1 -1 -1 -1 -1 152 -1 -1 -1 -1 -1 -1 -1 -1 -1 -1 271 -1 102 80 -1 -1 -1 89 -1 -1 -1 -1 -1 -1 263 272 -1 -1 -1 -1 -1 119 265 279 283 306 9 20 263 210 194 183 164 248 185 192 151 134 237 168 277 285 194 171 245 204 161 226 221 221 210 250 28 39 200 202 214 203 77 58
-1 243 7 -1 -1 -1 56 -1 -1 -1 -1 -1 14 -1 -1 -1 -1 -1 -1 -1 -1 -1 -1 -1 -1 -1 -1 -1 -1 -1 -1 -1 -1 -1 -1 -1 179 184 -1 89 -1 -1 -1 118 -1 -1 -1 -1 310 301 298 -1 -1 -1 -1 -1 113 113 227 215 238 241 289 14 47 68 190 187 227 210 153 198 155 114 180 242 234 191 226 247 167 129 276 290 279 282 302 287 4 31 44 51 205 203 151 145
-1 -1 -1 68 -1 -1 -1 -1 -1 -1 -1 -1 41 64 -1 -1 -1 -1 -1 -1 -1 -1 -1 -1 -1 -1 -1 -1 -1 -1 -1 -1 -1 -1 -1 -1 -1 -1 -1 99 -1 -1 -1 134 -1 -1 302 308 318 291 -1 -1 -1 -1 -1 -1 102 158 234 242 237 232 227 -1 55 56 198 183 222 202 146 200 161 121 290 279 188 173 253 235 153 152 245 223 206 213 254 271 353 35 49 47 202 213 129 118
-1 -1 -1 -1 -1 17 216 119 -1 -1 -1 -1 -1 55 -1 -1 31 -1 -1 -1 -1 -1 -1 -1 -1 -1 -1 -1 -1 -1 -1 -1 -1 -1 -1 -1 -1 -1 -1 -1 -1 -1 -1 -1 -1 -1 264 -1 -1 -1 -1 -1 -1 -1 -1 -1 151 212 258 232 226 212 222 225 66 66 82 167 226 208 143 195 271 280 184 192 287 264 178 142 263 282 337 330 308 318 236 238 237 80 78 76 51 144 208 197
-1 -1 -1 232 -1 -1 -1 -1 -1 -1 -1 212 -1 -1 -1 -1 136 -1 -1 -1 -1 -1 -1 -1 -1 -1 -1 -1 -1 -1 -1 -1 -1 -1 -1 -1 -1 -1 -1 -1 -1 -1 -1 -1 -1 302 279 -1 -1 -1 -1 -1 -1 -1 -1 137 -1 260 -1 239 215 222 234 230 81 74 77 -1 248 164 227 306 257 177 281 291 243 167 164 140 272 274 314 332 305 318 315 278 249 88 84 57 26 39 201 202
-1 -1 -1 -1 -1 -1 -1 -1 182 -1 -1 242 115 -1 -1 -1 -1 -1 -1 -1 -1 -1 -1 -1 -1 -1 -1 -1 -1 -1 86 -1 -1 -1 -1 -1 -1 -1 -1 -1 -1 -1 -1 -1 264 275 -1 -1 -1 -1 -1 -1 -1 -1 -1 109 269 279 -1 -1 222 236 230 219 131 101 101 160 171 243 212 207 239 260 231 222 130 132 295 295 259 206 204 185 201 212 241 274 293 38 32 45 61 32 38 66
-1 284 141 206 68 -1 -1 15 -1 -1 -1 -1 179 -1 178 163 -1 123 137 243 -1 -1 -1 -1 -1 -1 -1 -1 -1 -1 -1 347 -1 -1 -1 -1 -1 -1 -1 -1 -1 -1 -1 -1 285 291 -1 -1 -1 -1 -1 -1 -1 -1 131 109 267 279 -1 -1 235 233 228 213 161 91 87 -1 311 277 201 199 223 226 203 197 140 143 254 228 196 211 238 259 293 294 271 259 -1 141 94 55 23 27 28 37
226 162 201 181 -1 -1 -1 -1 218 -1 -1 313 -1 -1 -1 -1 -1 -1 25 308 -1 -1 -1 -1 -1 -1 -1 -1 -1 -1 -1 -1 -1 -1 -1 -1 184 166 333 1 348 96 250 264 272 286 106 234 -1 -1 -1 -1 -1 -1 124 263 274 -1 -1 -1 258 238 225 214 154 133 115 277 315 31 -1 205 197 187 187 208 322 301 310 292 262 250 225 218 215 216 234 233 149 102 203 205 39 32 38 40
239 -1 196 193 190 181 -1 -1 -1 -1 221 251 -1 -1 -1 -1 -1 -1 -1 -1 -1 -1 277 -1 -1 -1 -1 -1 152 165 -1 -1 -1 -1 -1 -1 -1 -1 206 170 122 89 265 -1 248 191 137 232 -1 -1 -1 -1 -1 120 151 265 -1 -1 -1 -1 223 213 218 193 155 128 238 266 -1 68 94 -1 151 187 279 293 308 303 282 268 220 206 214 235 267 271 252 226 160 103 203 210 155 124 48 35
264 -1 -1 -1 -1 -1 137 -1 -1 -1 -1 -1 -1 -1 -1 -1 -1 -1 -1 -1 -1 -1 -1 -1 -1 -1 -1 -1 76 -1 -1 -1 -1 -1 -1 307 17 -1 -1 -1 -1 -1 -1 229 -1 109 92 -1 239 -1 -1 -1 134 109 284 267 -1 -1 300 318 -1 -1 212 168 152 130 258 242 125 121 176 174 137 267 238 223 209 186 240 231 236 245 230 223 209 205 195 208 143 123 176 220 153 181 141 120
-1 -1 185 -1 -1 -1 -1 -1 -1 -1 -1 -1 -1 -1 -1 -1 -1 124 253 71 -1 -1 -1 -1 -1 -1 -1 -1 96 -1 -1 -1 -1 -1 -1 269 -1 -1 -1 -1 38 -1 -1 307 115 129 137 -1 -1 -1 -1 -1 119 139 281 264 -1 -1 254 -1 -1 -1 164 146 140 141 239 241 122 126 181 183 321 326 226 210 199 234 270 292 299 254 214 208 204 199 207 224 126 114 179 213 166 216 159 149
-1 -1 -1 -1 -1 -1 -1 199 215 197 146 193 -1 -1 -1 -1 106 -1 292 -1 -1 -1 -1 -1 -1 -1 -1 90 -1 -1 -1 -1 113 -1 269 61 -1 302 346 44 86 79 194 224 105 -1 -1 -1 -1 -1 -1 99 109 279 -1 -1 -1 0 -1 -1 128 135 149 150 288 316 270 157 117 270 314 307 316 355 42 318 259 257 264 267 308 342 321 210 193 219 227 222 123 96 143 175 209 190 159 159
-1 -1 -1 -1 -1 -1 -1 -1 193 206 -1 -1 162 183 157 181 134 158 219 -1 -1 -1 -1 -1 -1 -1 164 144 203 187 -1 -1 -1 306 220 -1 296 -1 187 117 -1 73 161 225 96 -1 -1 -1 -1 -1 140 123 162 257 -1 -1 256 -1 -1 -1 133 134 160 -1 309 315 162 130 134 280 290 288 312 12 9 6 246 245 246 243 248 295 57 127 206 229 221 215 138 95 92 147 212 191 143 163
-1 -1 -1 -1 -1 -1 -1 -1 -1 253 -1 -1 158 163 -1 -1 -1 -1 160 154 221 -1 -1 170 171 212 79 83 -1 103 318 355 -1 321 -1 215 156 170 198 -1 -1 76 103 219 228 258 -1 -1 -1 -1 73 85 260 276 291 285 -1 216 -1 112 110 142 293 303 -1 -1 85 83 266 268 271 272 267 -1 349 16 269 227 210 229 226 200 134 124 241 232 211 207 194 116 75 73 199 201 98 118
-1 -1 -1 -1 -1 -1 -1 -1 266 -1 175 223 -1 -1 -1 -1 -1 -1 191 -1 237 211 -1 -1 -1 266 -1 62 -1 -1 -1 -1 -1 -1 -1 -1 -1 -1 -1 -1 187 113 71 224 263 256 -1 -1 -1 -1 102 86 291 299 -1 251 -1 -1 152 105 104 282 290 283 -1 -1 91 88 262 256 252 255 243 -1 -1 3 334 285 272 256 206 187 131 127 233 221 204 202 195 161 97 81 151 200 123 101
-1 -1 103 235 -1 -1 196 -1 -1 132 -1 -1 -1 -1 -1 237 83 -1 -1 -1 -1 -1 -1 -1 205 189 -1 -1 98 77 -1 -1 197 216 -1 -1 127 -1 -1 214 -1 118 118 194 283 295 -1 -1 238 156 106 115 250 247 279 -1 -1 137 135 125 278 266 189 186 204 -1 92 91 242 236 243 229 222 207 -1 -1 242 237 195 183 190 186 118 131 216 194 211 224 186 171 123 89 73 129 147 135
-1 -1 28 -1 -1 -1 -1 -1 133 -1 -1 228 -1 -1 -1 240 121 151 185 -1 -1 200 156 145 -1 201 -1 -1 -1 -1 -1 -1 -1 244 -1 -1 -1 -1 -1 -1 165 128 145 214 242 181 -1 202 171 149 105 111 286 -1 179 169 162 146 139 148 228 203 174 192 201 171 92 94 256 256 225 223 228 210 185 193 203 191 173 173 198 187 125 156 197 185 223 210 183 173 144 106 72 62 101 -1
142 -1 128 184 152 142 -1 -1 -1 164 -1 -1 -1 -1 -1 306 339 348 -1 -1 168 -1 -1 -1 280 319 -1 324 -1 -1 -1 -1 -1 198 190 157 -1 237 168 112 82 87 278 279 -1 91 145 172 139 139 111 281 167 161 158 165 160 149 122 116 185 176 175 193 194 193 99 89 237 231 268 267 202 170 212 214 136 149 165 180 196 173 133 203 177 196 203 198 182 183 162 123 65 56 90 173
-1 -1 -1 -1 102 136 257 301 -1 -1 356 -1 -1 -1 -1 -1 211 -1 -1 -1 -1 -1 -1 -1 241 -1 -1 -1 -1 -1 -1 -1 17 15 -1 -1 357 -1 162 140 69 33 300 245 179 153 146 158 138 132 190 218 157 164 161 162 161 157 140 107 -1 164 180 197 193 194 134 100 232 242 263 255 156 152 234 219 101 117 184 235 196 154 141 193 195 220 201 195 176 186 172 154 76 75 72 -1
-1 -1 -1 -1 103 265 -1 -1 -1 -1 -1 -1 -1 -1 -1 -1 -1 155 -1 -1 -1 -1 111 -1 -1 -1 -1 -1 107 -1 -1 -1 84 -1 269 273 75 -1 286 341 89 109 180 231 154 151 157 174 142 105 49 -1 156 167 134 162 181 149 -1 106 -1 -1 -1 -1 215 202 185 195 250 244 212 179 145 177 220 201 166 83 129 226 165 87 61 129 232 192 182 199 158 190 184 173 140 110 68 51
131 139 168 167 170 276 -1 -1 -1 -1 -1 -1 -1 -1 -1 -1 109 -1 170 209 -1 -1 115 -1 -1 -1 266 -1 -1 -1 -1 -1 80 143 249 252 92 -1 263 -1 99 89 -1 244 139 158 132 189 -1 105 78 64 115 179 134 147 168 146 212 106 -1 -1 -1 -1 -1 -1 154 184 226 231 193 159 168 202 207 188 179 148 106 241 182 164 70 90 225 182 177 201 163 184 187 173 149 131 94 83
-1 -1 44 56 234 232 215 -1 -1 -1 -1 151 148 185 144 127 203 221 -1 172 161 144 196 224 138 173 197 141 246 -1 156 139 131 263 245 219 121 -1 135 130 114 154 85 246 98 187 149 -1 178 120 -1 121 109 -1 127 -1 11 -1 135 121 265 91 178 163 -1 -1 -1 101 212 205 175 163 201 189 192 201 184 167 187 219 176 193 84 74 210 171 177 179 159 183 177 171 153 152 128 110
-1 -1 25 46 223 215 240 -1 -1 -1 110 -1 151 155 155 128 -1 224 140 -1 -1 94 230 231 144 183 175 162 287 -1 137 121 273 291 -1 169 154 154 140 166 92 318 18 256 71 -1 -1 -1 176 100 -1 108 145 126 -1 -1 140 -1 137 114 208 109 173 179 187 -1 135 143 207 202 182 175 193 182 190 194 182 177 186 201 176 208 138 77 219 152 171 179 157 176 182 166 149 146 137 127
-1 -1 185 115 111 233 229 -1 -1 157 135 136 141 157 122 149 193 235 -1 -1 175 77 255 157 -1 275 221 48 -1 139 120 89 257 -1 113 147 136 133 127 168 -1 94 124 180 213 -1 141 131 -1 -1 143 129 -1 96 136 186 -1 -1 147 130 -1 -1 161 178 132 192 135 230 210 -1 183 204 199 190 201 187 182 181 167 194 192 189 173 156 178 140 166 171 154 187 178 155 134 134 134 133
-1 -1 -1 64 52 219 200 197 149 151 137 142 154 157 113 126 240 218 186 158 166 147 181 156 284 -1 243 -1 166 144 102 110 230 174 114 130 130 -1 105 159 165 132 94 201 213 160 144 -1 146 186 134 114 -1 79 123 -1 142 164 169 147 -1 -1 154 177 159 180 153 224 224 205 176 201 194 192 193 173 192 192 171 193 193 180 167 153 171 160 160 156 151 188 171 157 134 134 131 316
-1 -1 -1 -1 42 46 205 201 165 172 -1 -1 -1 -1 70 74 261 230 -1 -1 -1 -1 -1 -1 -1 272 103 179 143 123 73 47 215 176 181 168 168 157 290 -1 -1 75 49 40 194 215 125 133 -1 133 189 -1 158 141 141 160 175 135 -1 -1 122 -1 -1 -1 -1 -1 -1 -1 182 178 195 194 -1 182 184 180 177 175 140 183 159 167 171 182 163 178 178 174 155 144 171 164 28 5 307 300
-1 -1 -1 -1 29 37 141 210 182 191 -1 174 -1 -1 67 90 219 219 -1 -1 176 142 210 243 -1 216 125 -1 -1 -1 176 67 139 206 -1 -1 172 127 168 154 171 167 80 31 37 211 151 153 167 157 156 157 161 180 14 82 170 144 -1 -1 87 -1 -1 -1 -1 -1 -1 -1 -1 173 185 182 181 181 172 180 175 167 160 162 178 179 189 219 157 176 177 169 150 149 159 177 187 304 309 282
-1 -1 -1 125 144 134 83 94 199 208 174 181 198 189 93 83 212 233 -1 -1 92 112 224 239 -1 -1 183 182 155 133 165 144 -1 277 -1 -1 94 117 126 -1 -1 -1 181 184 -1 273 114 184 -1 278 -1 -1 -1 -1 156 102 -1 -1 -1 -1 -1 -1 -1 -1 -1 -1 -1 -1 -1 -1 -1 -1 -1 -1 -1 -1 160 -1 198 179 200 156 186 168 161 161 160 158 -1 -1 -1 303 303 301 311 313
129 -1 145 133 150 144 109 86 197 200 164 188 180 175 157 120 194 208 188 193 95 108 237 218 155 158 188 182 176 -1 -1 116 -1 236 -1 -1 69 75 -1 -1 -1 -1 -1 261 -1 257 93 194 189 199 173 139 148 -1 190 105 -1 -1 -1 -1 -1 -1 -1 -1 -1 -1 -1 -1 -1 -1 -1 -1 -1 -1 -1 -1 -1 -1 -1 -1 194 169 172 158 173 141 -1 -1 -1 -1 311 301 294 303 312 304
145 137 144 144 156 158 151 154 167 180 250 -1 158 136 151 157 -1 -1 201 190 168 138 194 175 177 183 174 178 161 184 141 149 168 203 223 221 99 115 166 184 -1 -1 -1 242 -1 -1 68 -1 -1 -1 224 195 -1 94 -1 -1 -1 -1 -1 -1 -1 -1 -1 -1 -1 327 322 332 355 9 8 32 -1 -1 -1 -1 -1 -1 -1 -1 -1 -1 -1 -1 -1 -1 326 348 323 350 296 300 300 300 305 296
138 136 134 149 168 159 132 -1 188 162 210 147 147 152 -1 -1 188 159 210 189 186 139 219 172 199 189 172 181 170 165 150 163 298 -1 282 137 123 106 -1 -1 -1 -1 -1 253 -1 337 60 37 -1 -1 -1 -1 137 128 -1 295 49 -1 -1 -1 -1 -1 318 336 332 338 314 328 353 1 4 17 -1 -1 -1 -1 -1 -1 -1 -1 -1 -1 -1 354 332 337 320 341 -1 -1 281 296 313 306 306 300
139 142 141 163 162 162 178 168 -1 172 136 132 -1 191 -1 -1 -1 -1 -1 -1 180 -1 -1 -1 -1 -1 -1 -1 147 199 233 186 193 184 136 132 -1 -1 -1 -1 202 -1 32 -1 181 177 180 99 147 -1 123 -1 -1 313 -1 -1 -1 -1 333 328 333 307 323 324 321 352 296 322 346 343 16 24 15 19 -1 -1 -1 -1 -1 -1 -1 -1 -1 -1 -1 -1 -1 -1 295 325 286 307 311 312 284 288
