data/landfire/ASP2020.asc
ncols        216
nrows        218
xllcorner    -1940985.000000000000
yllcorner    1261215.000000000000
cellsize     90.000000000000
NODATA_value -9999
[rows 135 to 179 of 218, columns 96 to 191 of 216]
184 169 179 180 173 145 157 126 124 118 215 164 198 211 237 228 219 237 -1 57 29 28 41 66 63 314 19 10 66 71 59 200 188 245 279 262 216 197 166 160 221 249 264 265 271 256 145 136 138 163 159 127 108 101 126 103 101 108 262 266 275 285 329 337 353 338 303 328 58 73 122 140 137 131 169 156 69 62 57 60 101 170 168 144 234 137 182 114 103 290 358 283 334 349 288 35
141 158 203 160 180 124 174 141 126 113 201 159 197 236 209 202 224 227 181 127 39 38 35 54 0 334 23 48 70 62 57 90 247 255 204 184 192 194 168 167 268 269 270 262 267 223 132 145 116 162 163 129 124 97 116 117 96 102 257 260 258 260 284 327 343 347 302 314 49 44 41 45 73 96 162 168 125 88 49 45 47 71 164 158 209 158 189 93 245 280 348 341 252 356 285 38
124 172 200 174 184 140 191 176 120 161 163 144 231 211 196 203 213 213 174 183 168 44 63 41 16 26 64 69 63 57 72 69 224 216 144 172 264 256 278 306 258 250 243 239 235 99 134 130 145 130 169 148 112 155 73 75 69 81 252 261 240 217 234 237 245 319 297 292 29 37 25 35 29 18 34 46 119 161 155 129 114 113 12 355 28 159 160 191 146 266 300 310 299 309 54 97
108 154 211 191 186 158 195 185 86 127 155 146 226 193 211 234 248 227 161 203 240 28 45 18 52 66 64 64 66 78 64 57 221 198 144 247 241 216 236 251 242 236 220 232 234 107 79 117 131 143 156 155 119 179 96 84 70 70 241 234 213 212 224 229 249 219 252 241 45 49 30 37 27 11 51 54 35 22 80 102 71 10 323 9 9 22 95 186 300 270 251 265 310 317 78 44
109 119 232 183 144 168 162 188 142 121 162 236 240 261 219 184 194 187 218 255 278 306 70 89 98 105 138 133 100 81 49 46 48 205 233 210 208 234 238 216 238 238 236 232 219 117 115 97 74 155 113 86 127 195 117 120 106 87 246 265 271 275 271 264 206 196 198 190 191 184 73 91 118 127 134 77 53 103 139 85 16 25 118 139 159 145 254 281 299 321 311 295 113 154 143 161
101 111 219 167 144 169 144 183 149 157 271 266 265 257 183 164 199 190 248 246 255 283 88 105 113 107 138 125 134 151 95 67 62 66 280 297 256 257 243 239 267 252 235 233 204 129 99 112 94 86 145 132 124 188 118 111 141 129 267 278 258 244 246 244 186 205 180 199 222 227 107 93 92 100 162 159 132 113 170 168 153 165 39 29 44 105 257 217 206 209 263 245 128 136 156 158
141 102 212 166 193 154 106 151 287 292 -1 152 191 178 183 167 256 257 250 242 231 189 78 72 72 70 87 131 102 95 133 156 109 149 272 264 278 290 282 276 263 249 262 266 270 146 97 87 76 81 64 59 54 61 134 127 124 238 240 208 246 245 212 244 174 170 270 266 241 215 84 92 91 85 79 115 161 114 116 176 156 178 202 118 108 82 245 280 345 342 280 248 61 25 123 159
150 137 220 199 168 158 125 106 286 291 129 152 153 169 187 223 259 245 221 226 230 174 113 87 62 51 55 44 25 29 36 41 73 145 223 232 242 230 253 256 274 277 255 250 172 104 104 89 81 86 81 70 47 48 50 68 123 277 219 249 252 242 248 244 148 237 251 223 216 170 72 76 93 92 86 77 163 158 77 130 177 168 175 135 122 128 246 244 326 357 338 323 16 55 72 126
147 116 232 228 119 132 189 274 273 262 105 192 135 136 243 239 262 270 262 253 200 152 135 155 105 99 99 89 79 91 90 72 59 54 223 206 197 212 223 234 266 256 224 231 217 93 83 83 87 82 88 87 100 90 73 73 208 221 264 274 261 214 209 209 286 270 176 192 231 155 113 107 94 96 78 70 53 74 175 89 159 181 182 146 206 288 310 309 282 341 118 189 58 35 61 107
171 100 238 222 129 121 236 251 269 229 109 171 142 184 281 271 275 262 244 229 188 147 125 164 122 109 111 109 119 120 149 139 74 76 224 199 210 230 262 273 249 207 246 245 219 192 78 97 113 108 83 86 89 94 68 53 75 229 221 212 210 169 258 277 281 267 160 227 226 167 89 100 71 75 98 104 80 71 172 160 84 160 211 148 287 295 296 292 277 5 68 152 140 98 66 80
98 130 230 169 137 151 247 235 239 115 105 130 243 244 260 257 240 223 219 216 180 154 114 166 121 77 66 47 47 24 32 42 39 65 116 278 283 273 234 215 214 249 249 203 228 204 111 131 139 136 136 110 114 94 94 126 119 260 285 292 293 273 245 238 196 160 212 224 199 198 124 96 92 107 83 68 62 63 78 79 128 152 347 333 257 214 204 243 256 126 71 117 167 119 84 78
71 84 202 175 128 254 272 255 239 128 98 106 276 272 247 238 209 195 229 216 181 155 116 149 159 157 50 31 55 59 46 47 80 87 267 282 272 251 210 238 263 257 225 161 231 205 83 80 137 152 145 128 142 141 92 91 147 252 270 281 314 299 272 246 179 151 237 233 208 218 116 124 85 78 117 124 83 106 74 76 99 230 276 329 359 299 257 231 225 140 68 61 187 111 113 65
114 107 161 168 261 278 267 242 196 141 120 128 238 235 234 209 234 247 222 175 188 152 128 136 214 220 116 118 125 138 124 137 83 72 234 243 325 283 247 247 237 220 204 241 233 230 89 76 63 53 43 63 128 111 141 109 280 271 225 222 218 187 207 188 152 204 302 298 298 269 81 86 115 129 86 68 114 114 93 114 86 175 223 209 124 140 227 252 172 124 209 145 95 152 217 123
55 42 46 104 294 287 320 289 192 132 133 239 293 274 194 192 240 230 202 166 194 155 122 120 212 204 124 120 144 153 132 131 121 96 246 264 287 352 267 269 225 181 208 194 220 218 110 98 80 88 113 103 107 120 112 140 238 170 215 219 210 174 208 172 235 288 278 288 288 296 72 62 49 53 90 103 79 76 72 70 77 79 218 195 128 162 246 252 146 131 217 183 83 66 213 182
99 104 101 92 221 210 188 192 192 109 215 231 179 229 284 263 246 230 159 132 216 177 74 65 204 189 118 124 139 127 117 125 162 165 245 250 248 245 244 203 171 172 187 220 200 187 138 134 78 75 75 69 65 71 106 128 208 167 213 205 243 271 296 288 298 279 189 179 191 156 169 150 69 79 65 46 28 28 19 48 67 67 214 192 163 271 273 229 126 145 160 201 132 122 200 175
89 71 39 51 216 212 177 185 200 110 154 201 247 263 308 279 222 201 175 104 203 192 55 54 113 181 129 125 131 123 98 102 114 156 269 267 240 227 223 189 210 177 190 214 189 188 178 169 115 83 95 96 100 96 76 65 219 175 268 237 246 239 248 252 227 212 156 192 169 161 170 195 82 76 54 43 94 114 63 73 42 43 220 216 267 278 268 140 149 166 150 196 118 121 179 177
45 97 80 43 58 211 246 255 178 105 244 261 262 242 202 201 183 189 189 152 190 218 182 138 68 73 181 173 143 132 101 111 92 80 228 232 198 187 189 168 176 142 185 184 191 186 184 192 202 174 81 73 65 50 33 58 155 199 244 251 230 220 210 220 187 223 156 147 166 152 163 214 156 81 92 103 111 103 197 111 99 83 140 229 215 222 118 145 201 181 160 165 98 112 182 250
-1 43 28 23 58 263 278 254 148 115 246 235 216 208 193 212 163 207 179 162 195 213 182 155 78 68 159 183 160 157 124 125 105 107 248 238 184 226 161 162 176 147 199 180 178 182 191 185 202 197 60 47 38 46 60 55 70 234 251 271 234 238 252 257 218 184 165 133 174 141 183 228 162 128 87 84 89 94 173 148 114 115 71 210 242 251 105 115 184 179 160 164 149 103 208 244
207 193 104 82 102 230 217 182 126 109 216 214 221 220 220 188 172 207 158 177 196 207 175 158 112 95 80 126 182 180 131 122 142 131 229 225 232 213 160 202 169 170 188 186 182 190 180 166 192 197 176 104 104 104 109 92 104 240 227 213 243 238 253 170 207 132 205 108 173 146 232 230 138 139 126 101 67 38 49 56 109 79 71 128 222 211 170 148 182 176 142 151 169 173 203 200
194 183 160 137 86 244 193 166 130 124 284 288 263 242 186 188 178 214 147 166 240 179 158 163 120 96 64 57 199 167 142 122 157 282 263 262 216 187 177 181 167 180 199 202 167 171 174 175 186 196 192 186 70 63 131 94 68 206 221 208 195 223 181 177 162 145 208 130 117 157 237 219 150 121 190 80 107 116 72 70 158 73 78 99 215 199 205 161 176 177 153 140 180 197 192 180
15 30 137 168 89 153 174 162 294 288 243 171 226 201 200 157 218 172 148 250 189 153 145 192 144 134 104 92 123 195 121 130 283 281 239 208 173 165 199 169 174 191 198 203 163 164 181 198 151 181 196 188 114 103 85 86 95 100 238 258 263 235 263 238 120 153 209 196 100 122 219 179 179 137 222 218 87 71 145 148 94 122 81 71 217 204 194 182 181 169 171 159 203 183 219 249
31 37 8 11 86 72 277 316 320 274 198 191 211 179 199 148 186 173 212 244 171 148 114 189 160 140 113 95 80 186 84 271 290 291 228 194 160 156 179 160 176 202 193 204 167 174 178 194 146 175 198 189 150 91 117 100 109 109 256 265 229 232 251 166 109 125 210 191 100 108 219 168 178 140 228 230 92 88 79 140 103 115 125 110 216 214 194 179 177 168 185 175 202 172 243 216
54 28 26 44 70 84 257 255 129 192 191 215 171 129 150 231 196 149 226 215 169 131 107 103 174 168 147 134 89 83 121 247 244 235 162 143 152 145 166 206 150 177 199 210 208 211 197 247 102 188 239 274 150 104 87 82 106 268 272 261 259 270 227 127 103 75 184 204 130 103 202 144 201 138 241 228 106 64 61 89 135 114 138 145 208 188 182 170 185 200 196 -1 229 233 220 -1
145 140 81 89 104 95 260 257 100 162 186 196 165 164 154 199 213 140 234 209 152 154 106 92 148 169 163 153 113 87 108 250 278 272 134 146 169 145 185 216 127 166 196 208 260 260 195 209 102 139 218 216 131 117 99 97 95 261 284 299 277 256 152 138 134 126 127 207 152 112 195 144 197 142 230 198 145 145 84 91 139 124 -1 -1 199 190 186 -1 -1 -1 -1 -1 -1 224 212 176
174 154 171 142 82 79 233 199 117 101 223 216 145 209 175 165 181 156 180 161 181 121 170 101 85 109 153 167 154 139 161 245 199 169 109 134 192 201 183 178 160 174 198 237 233 179 197 193 179 121 208 217 117 129 115 98 231 242 243 243 240 158 161 118 133 154 91 161 152 141 173 144 159 184 177 187 148 205 72 73 -1 -1 -1 -1 -1 -1 206 -1 -1 -1 -1 -1 -1 -1 -1 -1
176 142 179 163 112 102 241 217 120 99 232 179 150 198 183 164 154 192 157 154 182 132 203 126 107 100 158 165 170 155 253 248 196 180 52 41 331 343 173 173 180 183 249 245 194 167 212 185 179 168 190 217 114 123 137 116 278 291 253 245 220 120 164 140 148 138 121 115 157 154 167 141 162 185 173 183 166 221 86 92 -1 -1 -1 -1 -1 -1 -1 -1 -1 -1 -1 -1 197 208 -1 -1
173 141 167 179 217 274 161 190 139 125 160 152 137 175 183 154 185 188 156 144 170 150 195 126 122 146 -1 189 192 166 165 151 189 204 134 110 272 299 342 350 359 354 245 196 180 174 186 180 174 180 210 199 112 103 112 124 274 276 270 279 59 67 87 148 134 98 153 142 170 155 160 168 185 168 181 201 207 238 94 93 198 160 -1 -1 -1 346 -1 -1 -1 -1 -1 -1 -1 -1 -1 -1
166 147 249 295 314 309 128 183 138 137 144 150 136 166 163 166 176 168 162 159 168 166 154 121 79 58 329 339 344 340 321 341 3 215 167 -1 296 257 224 251 10 6 7 2 175 182 187 188 178 192 204 193 134 106 116 281 279 260 223 224 158 65 58 58 170 116 155 153 158 176 170 183 185 167 192 203 208 217 109 94 -1 -1 317 -1 -1 -1 358 5 -1 -1 228 -1 -1 191 -1 -1
297 308 313 253 178 152 100 162 130 155 141 150 152 160 164 171 165 168 172 180 184 197 150 138 146 102 227 236 267 338 351 350 353 345 353 335 333 339 345 353 78 77 111 173 2 9 359 351 218 187 196 196 196 99 120 220 202 191 264 268 199 134 95 110 116 146 -1 -1 -1 -1 -1 -1 200 189 181 200 189 192 110 112 -1 -1 298 312 324 338 16 265 21 -1 -1 -1 189 -1 -1 -1
296 296 158 164 171 156 103 118 137 144 148 153 144 213 357 343 327 331 351 4 184 186 156 150 165 138 231 254 279 289 349 343 358 338 358 345 319 336 17 30 42 34 14 340 343 353 20 332 7 16 211 213 229 73 84 224 230 224 243 252 135 143 109 96 116 -1 -1 -1 -1 323 2 -1 -1 -1 196 211 171 175 127 -1 -1 307 303 299 318 345 357 317 36 -1 -1 -1 -1 -1 -1 -1
225 175 152 152 167 156 132 122 147 305 330 314 345 333 347 349 329 314 350 2 18 10 348 340 348 355 319 295 290 297 358 354 342 333 23 308 318 347 25 19 349 352 357 351 344 24 20 6 62 355 31 19 191 190 83 222 300 316 264 241 105 120 86 81 273 -1 308 313 324 307 340 0 2 0 -1 -1 -1 -1 -1 288 318 304 310 296 309 332 281 5 259 9 27 -1 -1 -1 -1 -1
199 177 147 147 159 151 129 120 302 318 332 315 321 316 349 357 333 297 324 352 31 10 346 337 347 352 333 317 287 296 341 337 348 340 25 314 308 337 25 21 350 342 2 354 21 40 26 23 19 23 38 40 -1 188 157 177 236 265 318 292 91 112 123 106 -1 -1 294 292 311 307 345 0 344 3 11 6 -1 -1 308 303 324 320 318 299 307 321 307 324 260 274 34 29 -1 -1 -1 -1
158 197 159 141 130 142 298 315 314 311 342 344 299 309 3 47 331 336 303 316 11 8 343 301 340 353 341 344 323 270 319 311 357 0 352 334 255 233 24 2 4 335 17 14 27 8 40 55 14 20 31 38 37 345 36 -1 236 223 217 234 33 31 36 57 226 -1 261 267 287 292 322 338 304 359 355 29 340 348 347 347 338 331 358 332 322 330 281 34 277 286 60 53 26 -1 -1 28
92 219 155 152 130 332 321 305 319 316 346 353 277 273 35 60 313 349 305 292 26 18 346 307 329 0 353 351 358 297 307 317 338 350 349 343 316 306 339 0 359 349 6 17 17 28 66 58 19 14 63 59 17 7 68 -1 250 272 279 260 49 79 106 103 -1 253 272 270 287 300 325 337 299 343 8 48 333 356 329 0 326 345 344 334 323 348 293 42 255 236 102 116 34 7 16 23
93 143 307 319 308 315 12 302 246 277 320 342 9 301 58 30 325 326 352 319 345 343 345 336 257 333 346 349 0 358 288 267 321 296 341 353 351 347 324 345 1 4 26 54 79 60 358 347 3 12 26 347 35 30 82 -1 258 244 224 230 209 54 42 63 -1 229 260 263 252 250 296 353 333 302 28 29 340 34 307 42 312 2 316 343 306 356 261 52 335 49 71 351 53 57 5 4
115 111 309 312 308 323 0 8 249 254 306 331 11 351 -1 64 276 284 355 353 319 340 346 0 256 278 335 353 13 353 358 282 344 329 289 353 342 348 336 336 359 8 44 61 53 2 339 354 5 9 27 338 48 61 94 276 256 238 246 247 213 107 85 74 66 244 248 249 271 269 263 319 335 304 25 16 336 42 320 51 313 4 312 0 304 30 310 24 0 56 353 41 111 75 7 19
305 304 294 303 300 326 1 2 324 240 237 265 350 2 28 9 219 198 249 280 310 334 347 353 307 284 306 337 28 22 300 354 277 321 338 309 319 339 352 351 5 35 52 41 343 345 332 346 8 23 31 32 97 99 -1 274 261 259 265 262 146 105 131 115 88 246 294 284 256 247 250 258 338 340 93 86 103 94 5 0 331 4 307 65 349 11 314 18 63 74 115 23 346 292 41 39
310 305 299 303 302 324 2 354 11 307 234 237 318 1 19 13 6 354 253 266 301 332 353 353 328 269 301 300 18 12 311 344 265 274 346 315 308 334 143 164 18 38 43 28 339 344 343 349 29 47 60 80 97 100 245 265 274 277 276 262 148 119 118 124 104 265 310 329 261 248 253 251 -1 107 137 130 119 98 333 336 265 82 145 117 130 232 285 44 68 59 346 331 9 293 3 44
280 285 284 281 284 298 348 348 2 345 348 265 233 228 5 16 23 31 219 204 219 228 347 355 0 334 263 307 341 6 357 343 340 301 270 319 163 116 128 168 190 173 88 4 119 156 147 114 151 149 82 89 93 87 -1 235 248 251 234 153 146 135 121 113 -1 266 280 323 338 305 297 282 159 106 142 169 161 166 127 121 172 161 86 58 99 193 197 185 56 35 307 36 332 28 58 322
290 280 257 255 253 254 313 331 355 350 355 331 219 212 316 14 29 35 350 241 218 213 257 339 355 359 220 223 268 356 2 354 337 334 268 225 146 152 95 139 194 172 177 178 119 143 159 127 118 159 106 85 82 78 -1 242 242 247 202 139 141 142 113 96 -1 268 257 267 342 329 292 258 149 119 102 175 156 209 150 129 169 181 94 45 55 99 199 199 55 24 328 32 355 15 20 319
253 242 269 268 274 284 259 264 338 346 341 354 339 324 254 335 34 32 23 328 279 241 219 206 306 341 0 321 302 303 3 1 330 331 6 43 72 96 144 122 195 153 226 166 119 117 159 137 99 81 132 124 109 52 -1 -1 229 216 145 135 142 142 138 110 280 257 241 241 213 189 164 156 152 157 71 72 211 226 151 143 179 204 192 153 82 75 206 211 202 203 174 148 31 10 349 348
333 256 230 231 216 192 196 209 279 328 341 356 330 341 274 298 28 23 27 326 13 230 200 201 224 250 347 343 293 303 347 352 329 -1 73 80 80 80 102 127 196 168 192 156 131 114 156 160 112 101 110 113 15 41 28 -1 209 196 157 148 155 138 145 116 315 298 219 221 202 195 156 170 149 170 110 98 226 219 164 139 201 213 185 162 96 83 150 207 203 200 173 172 165 176 -1 1
317 336 341 331 321 294 308 253 215 220 289 332 323 331 334 324 4 2 21 350 358 18 330 231 213 208 240 242 -1 125 178 177 147 152 171 145 81 50 23 34 149 194 160 132 162 33 49 93 94 53 356 16 77 35 21 23 6 13 -1 -1 172 149 -1 292 272 313 290 272 225 194 169 193 143 173 137 108 243 162 171 165 209 186 172 170 134 109 102 175 203 203 167 181 186 171 199 184
302 320 336 324 347 350 331 341 262 228 226 251 311 327 335 337 353 359 16 354 45 69 37 236 217 224 214 204 173 101 171 188 128 149 171 163 128 129 77 69 49 130 167 152 177 188 118 111 37 48 70 92 359 353 8 6 10 20 3 337 323 348 326 275 217 212 257 261 149 175 174 195 130 166 149 114 206 144 161 180 198 175 177 176 157 131 101 -1 205 201 169 181 184 179 195 180
302 286 320 323 354 6 337 323 12 339 229 217 229 243 309 349 359 31 62 68 13 16 52 46 204 209 198 196 181 180 115 185 146 127 179 171 138 128 148 135 124 5 355 12 34 41 74 104 72 95 18 334 342 8 51 76 352 32 271 258 274 295 14 1 302 310 309 308 94 79 203 219 80 69 145 114 155 162 143 211 149 171 183 177 174 165 128 138 179 179 166 174 169 206 198 206
