data/landfire/ASP2020.asc
ncols        216
nrows        218
xllcorner    -1940985.000000000000
yllcorner    1261215.000000000000
cellsize     90.000000000000
NODATA_value -9999
[rows 45 to 89 of 218, columns 96 to 191 of 216]
113 142 165 119 125 124 227 77 36 64 76 104 -1 -1 275 287 294 283 98 95 291 321 58 292 273 293 56 36 70 -1 279 308 31 252 175 186 280 290 302 353 317 11 343 322 335 335 298 308 13 239 205 230 25 12 351 340 249 241 345 349 22 1 14 321 242 318 23 5 48 27 175 167 192 77 73 117 79 48 -1 248 251 278 323 341 281 185 182 187 201 191 151 133 203 171 6 57
101 129 209 128 77 109 200 139 121 110 102 107 -1 294 298 290 302 -1 135 107 290 305 94 274 246 262 27 38 70 -1 265 286 26 350 342 356 271 286 255 -1 270 9 354 333 211 -1 198 215 81 138 204 212 -1 33 350 352 327 268 290 332 13 354 28 11 241 239 15 5 29 13 63 146 214 102 66 75 79 70 -1 258 263 257 291 338 84 137 185 188 209 196 178 152 201 189 -1 82
147 96 204 213 99 88 191 136 156 153 144 -1 281 296 324 308 307 31 5 46 282 103 74 313 226 213 86 105 65 -1 239 232 179 265 358 18 43 210 211 172 206 215 138 132 186 187 140 214 152 120 199 187 182 165 187 196 -1 -1 191 214 344 347 32 22 91 240 146 162 118 153 57 53 129 162 93 80 80 80 -1 266 244 242 241 173 120 118 208 217 274 121 183 179 183 189 179 156
168 139 212 223 121 95 192 125 163 186 -1 -1 252 233 174 180 260 10 74 67 -1 56 31 311 298 267 48 45 37 31 217 210 182 210 166 213 38 3 187 203 239 225 139 142 179 194 139 215 160 131 198 195 178 173 186 195 183 171 171 201 203 233 38 44 96 241 125 167 148 95 114 49 77 65 117 110 94 87 -1 241 227 243 198 156 86 102 225 253 229 124 160 186 169 179 185 192
177 171 177 190 160 144 142 -1 330 332 341 28 222 208 257 247 248 208 53 354 326 284 52 282 328 339 354 41 13 12 31 -1 221 196 216 231 347 354 21 7 235 148 338 302 352 17 297 14 306 346 299 329 325 348 335 351 203 180 182 218 195 211 -1 68 89 192 127 92 186 190 159 144 97 185 95 100 -1 -1 -1 -1 217 213 172 187 154 114 259 255 182 140 174 160 185 123 202 194
200 166 172 197 166 162 -1 292 308 330 346 28 -1 237 229 209 231 147 209 317 358 300 49 285 320 345 2 62 348 25 42 -1 256 278 275 276 200 234 83 65 198 245 344 292 357 29 263 4 286 314 310 297 310 2 308 350 340 347 15 242 230 239 263 78 68 135 164 75 179 198 122 138 114 163 103 333 45 -1 339 20 210 203 188 199 162 124 243 176 176 149 182 171 180 148 197 188
348 346 4 10 335 325 300 312 304 346 301 323 19 38 242 205 209 138 235 199 191 170 337 32 265 269 4 44 261 39 34 37 -1 234 222 157 224 173 232 299 341 282 338 331 344 66 286 286 25 295 11 287 316 7 303 334 347 22 29 36 249 255 253 69 60 89 107 154 79 101 103 119 342 12 342 7 70 -1 268 308 23 354 205 188 174 214 166 159 169 179 200 184 191 185 305 291
352 1 27 43 8 318 298 290 319 343 290 303 20 50 287 341 209 168 204 186 179 179 251 10 243 251 351 45 8 325 37 32 18 -1 195 161 196 159 242 214 254 294 246 333 321 54 309 279 28 309 17 298 290 1 309 317 355 40 45 12 294 257 260 59 59 49 124 103 120 347 59 36 334 16 347 58 73 -1 270 280 38 5 352 -1 209 193 145 -1 288 -1 189 170 226 283 278 284
176 -1 56 35 6 325 0 339 313 329 314 309 49 60 261 265 21 23 290 319 355 358 216 227 307 284 325 46 53 287 30 35 50 29 354 336 -1 -1 258 301 261 210 299 285 354 21 35 285 188 240 99 189 186 163 227 231 205 -1 9 347 278 301 339 86 94 72 13 11 49 126 108 321 294 39 112 114 83 -1 265 250 5 336 14 355 7 339 287 293 331 3 9 343 6 298 244 232
214 253 22 17 7 325 2 355 288 319 324 317 61 62 251 236 19 7 283 306 354 5 242 228 255 266 318 72 48 292 51 65 76 334 359 357 351 354 253 268 -1 223 250 200 157 29 6 15 174 176 126 180 180 170 215 200 226 255 351 5 319 299 71 76 34 11 57 46 51 41 -1 265 3 103 92 94 68 -1 265 245 256 311 15 359 7 16 294 262 276 7 2 359 10 51 267 180
253 262 331 359 15 321 353 345 359 276 318 329 42 33 40 241 223 240 0 348 251 298 33 16 223 227 227 17 41 14 100 92 12 311 11 28 353 335 8 186 195 248 170 151 193 244 40 30 62 173 330 9 303 342 349 349 234 228 239 284 12 21 92 106 81 54 35 44 161 104 314 334 112 95 112 95 -1 -1 299 304 283 286 190 44 136 318 319 327 268 -1 336 22 58 49 173 315
274 280 314 342 12 316 354 352 10 14 228 276 30 32 30 39 222 222 317 28 292 304 29 29 289 208 235 236 38 42 49 8 12 304 24 46 337 348 17 28 225 223 173 147 229 235 146 135 80 286 317 1 264 264 351 357 299 256 240 241 43 46 70 69 145 119 81 83 72 350 306 320 89 154 50 64 -1 -1 323 339 222 222 199 150 167 215 235 251 280 349 341 44 43 3 333 329
237 241 273 325 4 335 340 359 14 330 359 284 354 17 67 59 247 246 240 274 263 268 28 21 304 350 221 195 267 23 335 48 35 255 71 16 326 12 42 32 34 351 176 232 226 204 156 169 212 256 189 152 114 200 209 202 189 204 -1 141 176 160 76 60 59 55 6 31 297 304 1 37 85 76 145 107 33 -1 184 166 213 178 152 179 272 294 286 307 276 326 134 -1 15 37 350 78
223 219 222 244 355 341 332 357 1 321 12 296 349 36 103 148 294 295 257 271 261 253 12 27 288 15 305 319 315 1 313 20 34 21 38 334 343 7 27 51 326 347 31 244 199 186 156 163 231 202 182 185 116 176 246 160 195 196 173 145 184 181 100 108 95 89 109 100 309 253 96 88 87 96 -1 345 26 49 16 -1 213 191 156 -1 278 275 274 286 300 302 58 284 77 91 130 109
348 314 225 222 195 196 213 176 306 302 308 351 337 43 52 290 292 301 312 283 0 2 228 307 316 40 290 232 272 346 315 23 56 37 297 307 10 343 36 45 297 295 43 8 1 349 336 351 190 181 228 170 208 222 131 142 197 197 178 169 269 290 0 42 338 15 21 26 92 76 166 92 116 1 324 350 80 77 268 311 16 35 277 273 247 242 266 263 253 342 351 333 346 6 38 34
355 350 259 216 189 187 189 174 222 251 281 315 323 47 34 16 219 239 338 283 350 3 319 232 332 1 358 339 224 246 323 35 59 50 285 291 14 357 52 58 304 289 29 10 337 1 329 346 0 15 207 160 206 213 86 134 180 194 178 189 237 230 252 68 321 46 74 103 138 154 174 109 331 319 339 73 95 -1 268 204 83 42 -1 250 240 258 255 251 251 267 330 11 266 349 42 39
344 17 329 333 341 326 316 309 4 271 253 260 250 57 42 50 303 270 300 326 293 350 41 319 329 302 325 20 248 232 121 98 48 356 318 303 76 77 49 65 278 264 13 6 333 330 339 327 6 17 31 282 53 245 144 108 290 0 280 284 5 320 238 281 93 84 41 14 4 33 334 39 293 335 114 95 59 282 350 339 237 217 12 6 271 275 269 283 280 270 -1 20 55 177 82 0
258 10 330 325 344 329 328 310 5 1 242 239 184 170 68 75 267 267 268 308 307 349 31 1 305 321 336 7 355 238 175 71 25 9 286 304 78 86 108 61 327 319 359 19 335 303 343 331 46 69 61 51 149 254 165 216 284 342 322 312 6 15 247 261 44 349 34 12 47 76 317 56 288 327 83 109 81 37 279 357 333 1 -1 39 253 267 284 282 283 290 131 256 62 90 189 162
241 233 287 300 335 329 -1 -1 267 325 316 238 195 189 87 84 281 277 287 263 238 12 4 343 298 305 332 346 17 37 278 310 41 27 271 285 74 80 312 359 319 11 316 44 328 316 3 10 25 29 358 58 275 291 346 26 237 243 219 215 334 10 342 281 56 292 69 62 85 358 302 38 253 107 105 94 325 61 251 248 245 52 308 338 -1 240 254 257 225 159 204 217 80 100 116 151
237 223 181 202 175 198 145 178 290 304 315 290 220 221 79 72 256 256 224 211 211 217 329 335 321 308 3 290 38 46 285 283 35 36 272 287 77 85 296 336 299 12 322 25 331 328 97 126 59 66 18 65 238 190 73 102 270 251 200 215 240 319 358 -1 41 318 55 64 352 337 294 28 321 58 63 6 28 81 294 309 286 47 305 29 37 263 237 225 209 172 238 246 52 41 69 89
228 222 212 182 178 191 221 243 195 145 213 276 279 171 105 86 264 266 256 247 173 219 223 233 319 328 20 310 27 11 296 316 57 47 291 342 58 4 320 4 279 308 315 350 81 86 116 126 109 356 57 57 82 274 67 72 20 252 263 240 190 158 181 131 219 221 64 31 29 219 203 295 -1 66 15 331 110 86 241 245 270 298 313 75 25 322 246 192 214 189 239 248 248 45 19 44
247 175 206 185 318 -1 226 207 174 150 289 300 294 93 121 105 277 251 218 214 200 237 195 229 232 184 19 327 342 18 349 286 45 7 298 354 59 341 322 21 265 284 347 97 58 9 22 13 349 351 88 106 103 287 53 61 22 20 210 214 183 154 202 157 221 242 27 17 52 346 338 222 -1 68 24 103 57 41 252 266 320 311 359 4 0 313 1 20 323 334 251 237 279 4 45 27
355 355 248 287 339 0 4 354 336 250 250 277 26 51 65 36 274 8 250 144 270 291 274 246 241 262 270 315 337 45 20 311 16 359 353 39 27 29 292 327 342 324 50 28 15 55 78 98 106 93 90 82 279 278 37 32 226 289 4 216 183 277 274 314 253 240 86 82 15 337 13 8 306 62 70 14 60 37 262 300 314 340 273 41 356 45 46 46 242 244 40 243 158 225 19 359
340 5 298 240 -1 346 1 356 9 2 222 219 336 38 82 280 265 333 213 250 264 270 314 304 299 259 275 292 350 38 34 321 23 13 355 42 52 65 285 310 329 343 63 329 54 67 58 47 119 119 101 71 291 283 68 91 266 266 15 9 281 316 326 8 215 222 37 38 10 9 61 300 -1 89 34 338 57 69 249 233 272 11 298 2 37 14 7 17 245 235 23 40 221 210 205 125
248 283 4 13 334 229 248 324 12 32 270 285 261 92 75 270 277 241 283 287 262 266 185 197 249 257 262 259 297 25 22 15 29 312 54 71 8 27 283 287 -1 146 74 200 77 63 105 90 91 116 138 337 305 288 47 25 -1 243 226 57 287 231 247 -1 313 312 304 48 94 103 48 259 112 284 85 119 86 86 236 239 259 265 286 194 22 335 32 47 302 294 74 74 275 305 305 41
270 266 4 16 29 26 227 249 2 41 268 264 272 94 90 269 276 332 255 339 228 205 298 303 238 238 233 239 208 182 23 7 13 3 65 55 22 28 298 301 113 152 128 147 140 119 137 135 72 70 326 328 323 302 88 112 68 273 231 55 39 260 229 160 227 257 308 59 47 39 61 273 66 260 91 92 97 64 26 226 212 193 239 120 264 314 31 38 350 278 46 46 234 260 318 13
235 236 238 35 51 342 272 247 320 48 286 249 292 36 36 346 253 250 319 300 304 327 295 309 279 287 318 330 227 217 267 341 25 359 40 333 43 350 296 62 100 95 160 104 134 130 27 24 113 136 267 266 0 77 88 305 320 304 349 333 37 28 221 281 266 252 231 34 46 50 51 286 47 278 60 67 326 15 72 49 252 253 112 130 238 239 50 62 27 264 187 63 301 207 205 174
216 218 214 183 39 332 18 258 295 63 308 308 276 13 18 63 266 245 226 230 220 230 232 247 262 274 292 336 297 251 248 276 7 7 17 327 38 342 347 101 82 101 126 130 63 62 330 54 88 322 295 273 74 98 99 285 316 311 342 330 38 30 291 258 223 205 215 216 61 72 35 20 65 288 51 25 352 86 44 50 250 227 97 169 235 240 -1 60 46 302 199 87 10 325 233 168
6 337 192 167 212 216 355 315 9 53 270 295 266 248 67 59 301 300 336 223 225 242 243 227 250 273 260 250 290 285 241 226 262 353 353 8 10 58 86 99 87 24 84 114 119 101 163 125 123 260 277 294 109 103 287 277 301 288 248 -1 28 13 14 12 265 285 247 167 122 66 78 329 334 305 21 22 86 38 95 79 214 223 131 235 238 242 243 53 41 285 39 261 13 320 32 321
12 16 343 356 212 206 265 303 21 44 279 253 1 276 35 54 263 287 347 358 251 217 199 203 219 230 237 195 216 223 258 278 281 318 347 10 61 82 78 23 5 33 111 115 124 109 143 139 290 287 265 247 84 97 291 275 182 147 181 169 160 201 17 23 237 220 219 188 174 122 48 317 329 347 19 60 117 140 111 309 29 229 239 304 297 287 246 -1 43 281 68 271 336 2 30 351
7 16 336 7 30 312 249 255 22 47 279 306 352 316 62 66 261 264 235 247 9 5 292 267 238 207 214 233 235 251 265 276 274 292 34 81 98 68 14 58 92 81 47 8 81 53 81 79 270 284 265 117 70 53 192 184 164 150 196 153 185 217 168 183 255 276 270 236 52 6 10 15 165 155 185 128 100 98 299 299 47 46 239 239 211 214 239 230 67 55 81 309 311 304 312 54
25 22 303 9 40 17 263 259 94 67 321 279 351 299 109 108 266 272 320 289 313 350 338 318 244 206 230 229 268 277 280 274 266 270 55 65 46 27 85 93 139 97 109 136 155 149 55 51 250 249 299 64 8 29 354 339 -1 120 195 167 218 215 160 188 224 219 201 188 49 336 24 12 99 164 140 156 109 358 305 297 57 46 239 195 200 229 234 222 47 48 359 324 16 278 332 66
33 330 0 355 33 1 304 261 169 246 -1 225 320 4 23 11 277 245 236 262 319 333 352 299 354 8 272 250 244 241 261 273 267 258 81 80 92 98 152 136 98 121 97 42 11 27 117 44 267 265 268 23 71 69 348 333 56 71 299 352 37 222 251 306 275 267 187 240 284 279 85 93 70 32 63 329 349 328 14 133 136 76 268 276 254 209 215 229 -1 45 251 279 321 21 356 21
6 319 10 2 7 356 343 235 185 179 202 253 289 346 2 33 352 260 284 281 280 344 317 302 338 5 1 280 264 261 257 266 272 266 59 70 63 52 74 122 115 85 18 13 348 23 349 23 250 248 256 28 88 357 18 86 91 75 272 268 26 10 243 270 309 323 329 265 278 246 105 47 55 66 32 300 8 324 92 95 179 142 250 234 190 188 246 238 216 57 298 332 269 17 348 0
335 323 16 33 75 84 347 6 245 315 303 303 339 54 128 108 76 272 223 214 223 241 303 303 303 337 349 5 313 278 227 214 240 254 246 78 91 95 97 68 12 3 350 29 0 6 70 61 -1 245 250 69 28 351 74 73 15 324 278 296 -1 44 55 258 264 254 68 269 219 145 166 174 86 85 295 281 -1 74 89 69 47 284 26 16 271 269 267 267 248 203 112 188 226 178 218 235
325 334 86 83 23 25 331 15 249 239 228 215 213 69 72 88 325 317 307 265 232 244 267 302 298 326 344 12 326 0 230 232 223 242 251 73 80 84 50 8 354 3 1 17 27 52 61 78 277 275 272 17 33 57 113 93 285 319 294 49 212 107 91 255 232 211 136 216 239 290 62 170 90 76 244 201 307 60 33 24 67 257 57 71 263 205 234 209 208 198 110 156 177 201 214 247
337 8 5 11 56 334 349 42 44 355 165 196 203 179 72 67 235 224 226 242 288 306 312 303 289 292 341 12 335 349 356 287 290 293 162 112 83 73 6 357 2 15 77 95 78 66 120 115 278 281 285 61 175 94 90 2 312 337 154 126 171 125 347 47 233 270 49 180 242 247 44 45 1 8 270 316 206 119 89 97 230 243 61 51 200 158 220 225 234 246 161 159 203 231 117 214
336 6 19 50 334 328 25 58 35 353 3 -1 199 181 69 68 298 301 290 251 250 255 278 299 302 296 327 2 350 341 7 308 278 289 72 106 72 37 1 344 17 48 87 57 27 55 63 70 269 270 268 68 156 135 81 290 328 347 86 155 -1 327 10 57 255 248 86 -1 288 278 74 44 7 20 327 217 125 138 121 91 59 234 208 26 23 188 244 254 226 202 116 181 217 206 124 198
283 357 49 54 304 315 58 62 354 348 55 70 290 323 65 69 297 311 292 347 268 252 239 231 249 249 294 332 12 326 12 7 294 331 101 103 1 37 305 358 77 58 21 41 50 65 77 77 273 289 177 145 104 95 290 288 319 56 80 72 263 248 82 78 337 216 226 255 244 187 73 112 186 75 326 34 350 35 7 7 40 36 231 216 67 63 215 190 195 162 164 327 281 314 192 192
257 318 57 56 300 316 59 47 357 21 64 56 232 247 52 63 269 307 269 309 334 284 247 257 231 238 254 286 9 349 5 3 300 33 81 10 13 33 293 34 52 59 82 96 104 106 104 89 289 288 90 121 52 23 282 296 218 82 135 125 259 228 101 68 354 333 243 211 215 157 128 129 195 181 307 49 293 44 27 25 99 101 256 256 68 66 355 344 258 301 305 325 296 322 10 291
253 215 33 14 322 0 30 14 36 55 77 80 306 322 21 66 251 255 252 208 192 184 248 257 225 221 225 238 306 352 358 302 62 103 14 318 27 33 290 59 80 86 83 82 82 66 77 285 255 255 57 324 37 70 279 338 190 150 94 270 33 285 332 49 339 24 79 339 180 173 301 312 3 12 238 -1 62 100 115 98 318 353 250 225 116 30 321 7 318 335 276 267 318 323 8 308
236 209 4 0 328 18 61 80 124 115 99 86 318 316 24 60 284 229 174 172 189 187 218 211 212 209 240 227 225 210 355 309 92 65 327 300 68 48 316 109 66 68 120 111 95 110 70 273 307 268 8 314 60 73 282 69 143 161 311 273 45 333 338 39 13 42 318 1 276 318 249 256 6 39 242 263 96 96 3 54 298 24 338 204 258 17 317 29 320 305 221 220 294 309 20 357
240 231 213 241 338 51 65 78 88 79 45 47 236 266 32 22 346 8 285 324 354 356 234 231 247 257 243 229 175 174 198 229 349 354 2 336 58 80 139 143 104 102 110 95 54 31 68 267 262 294 351 151 105 83 -1 102 343 348 285 300 352 9 276 31 52 71 273 3 0 313 351 281 236 350 23 251 39 325 91 73 260 27 354 69 268 254 347 48 31 267 309 279 284 344 335 357
218 187 205 224 176 87 75 71 52 42 34 39 265 265 0 6 311 354 294 321 340 355 295 265 232 216 206 212 173 190 254 275 329 350 14 356 56 57 49 78 113 82 73 53 3 45 57 269 280 283 106 128 117 328 100 97 329 20 228 241 326 17 253 36 80 76 261 304 8 303 354 12 257 281 58 243 18 112 135 119 283 335 74 76 237 192 234 38 47 270 349 275 263 313 337 10
176 149 213 203 198 144 127 122 115 108 76 60 296 320 264 269 317 15 280 272 304 331 10 337 293 304 309 226 253 250 259 269 305 355 57 78 118 95 101 98 79 59 21 36 92 86 68 258 254 238 339 2 310 78 97 320 302 58 23 241 238 302 316 311 76 81 262 254 15 300 54 48 301 279 46 43 69 74 72 303 285 70 66 278 321 312 328 252 57 45 260 214 235 256 38 10
