data/landfire/ELEV2020.asc
ncols        216
nrows        218
xllcorner    -1940985.000000000000
yllcorner    1261215.000000000000
cellsize     90.000000000000
NODATA_value -9999
[rows 123 to 163 of 218, columns 94 to 187 of 216]
576 567 601 618 667 689 726 742 774 805 839 858 886 896 905 933 933 918 885 858 787 759 746 762 741 752 770 774 740 712 640 613 667 699 732 721 652 626 696 727 785 804 839 868 925 942 887 856 790 770 757 750 754 758 740 772 764 730 720 750 791 809 781 764 768 790 845 866 888 907 954 958 925 893 829 804 760 744 707 681 629 627 657 641 610 588 533 515 473 457 436 429 430 438
560 566 604 619 655 668 712 713 758 787 830 836 863 865 886 918 942 932 890 860 801 761 713 722 710 740 752 744 718 691 637 605 658 685 707 683 630 618 680 707 751 772 807 834 896 916 881 853 805 783 732 728 727 735 737 770 766 743 690 710 756 773 769 754 759 779 839 859 869 886 934 940 918 890 818 789 738 736 706 688 637 601 637 622 614 604 559 546 494 481 444 423 410 409
509 517 570 595 606 618 658 680 730 749 769 766 803 810 858 883 912 922 888 865 821 796 725 686 664 703 737 735 718 689 620 587 615 650 643 611 591 631 681 702 744 767 806 828 879 906 914 886 833 804 747 716 679 681 714 737 723 711 678 649 694 710 709 686 738 767 794 796 826 842 889 901 877 854 766 731 679 661 655 642 609 586 593 589 549 551 551 543 498 488 465 451 419 406
504 524 567 575 596 604 649 669 705 717 745 745 784 787 841 861 896 907 886 871 832 802 724 684 652 673 715 727 694 688 632 593 613 635 617 584 606 637 697 728 780 800 841 854 885 907 930 901 845 813 752 715 686 662 689 706 700 690 659 633 668 679 684 663 735 758 777 779 808 826 876 894 869 837 777 737 678 650 619 611 587 576 567 571 532 519 537 537 488 479 475 453 441 423
536 561 619 628 648 657 648 648 658 685 727 736 744 759 798 823 864 869 841 820 778 755 690 660 616 609 648 656 647 625 615 574 604 616 558 553 603 629 689 722 779 785 794 812 842 874 893 876 841 814 761 748 729 692 618 630 641 654 659 646 618 625 621 632 693 739 786 792 805 819 864 865 858 831 764 746 692 664 618 598 567 559 541 534 538 506 489 470 469 462 482 496 493 471
559 571 614 645 668 687 668 667 681 699 730 753 763 768 789 807 849 857 815 797 751 730 674 649 623 603 620 616 617 592 604 559 579 585 535 552 605 633 692 721 745 745 762 780 837 872 889 870 839 817 776 769 746 707 629 599 618 634 646 647 595 603 612 643 710 747 797 814 826 820 857 846 837 818 757 731 704 679 625 606 586 575 544 535 490 476 449 444 446 449 463 473 504 481
582 615 648 675 725 736 721 723 739 731 740 756 784 794 821 835 856 870 847 821 766 749 718 708 675 641 578 556 541 551 563 539 510 512 523 544 617 641 673 692 692 721 784 798 834 854 880 871 823 798 776 771 730 707 656 614 573 579 616 619 567 573 621 651 710 739 789 816 834 838 846 833 781 776 771 756 706 687 673 673 632 609 589 575 552 538 485 480 444 436 415 422 421 416
589 613 659 676 736 756 752 752 754 752 750 767 789 803 829 849 865 876 862 839 792 779 756 745 703 665 600 581 526 527 549 538 502 514 551 549 590 620 647 660 699 721 756 766 799 819 855 851 812 795 750 747 696 677 637 612 582 561 592 605 560 573 621 648 703 730 775 794 809 823 850 833 780 759 737 741 723 708 693 690 657 640 614 596 577 561 507 494 467 444 423 408 395 390
633 655 695 710 756 778 795 792 785 785 788 791 799 805 824 836 863 876 888 888 865 851 808 787 743 717 641 612 553 534 503 509 526 560 596 607 598 621 655 675 688 712 747 764 794 799 824 816 800 788 782 766 719 691 646 623 591 586 540 554 542 564 601 620 664 688 719 729 776 802 846 835 801 790 736 707 705 685 648 617 613 601 602 620 600 578 543 519 492 484 445 431 437 403
634 665 705 726 763 785 810 810 802 800 791 784 801 789 794 816 864 875 894 907 889 862 807 779 740 722 655 616 583 561 505 492 525 554 600 610 615 636 683 702 730 753 782 790 803 809 831 833 829 816 809 795 733 702 675 653 619 599 547 534 545 559 584 605 636 663 694 707 753 779 834 839 820 799 744 707 672 663 615 599 570 555 563 588 578 547 537 525 500 483 424 400 419 400
660 674 709 730 786 798 817 816 791 783 756 736 750 735 772 797 826 847 892 903 854 829 794 785 767 747 677 647 616 597 541 511 485 513 580 592 614 641 688 709 753 769 768 783 781 791 829 854 883 880 851 829 779 765 729 705 641 622 582 551 525 546 578 595 622 628 658 687 754 790 816 823 800 776 744 715 659 628 572 556 524 494 494 511 531 490 465 483 451 424 385 381 369 353
679 694 717 734 781 788 799 796 775 760 731 714 722 714 757 773 799 823 864 876 855 828 780 772 770 745 674 643 603 581 544 537 488 512 558 562 600 627 662 688 737 744 736 755 771 796 834 861 904 901 869 849 814 797 753 721 675 655 587 551 522 546 592 615 643 655 671 685 739 775 801 792 776 752 718 697 679 653 594 564 520 489 461 473 502 474 433 463 439 395 361 347 336 333
715 726 736 734 738 748 751 740 739 728 696 672 687 689 717 724 773 788 816 834 871 856 805 792 751 731 672 668 664 648 604 562 483 485 507 529 583 603 648 667 676 672 677 706 773 812 847 870 887 874 826 820 812 802 758 724 676 648 573 532 524 556 617 654 700 711 737 725 776 787 787 751 701 682 640 631 613 616 573 541 483 468 411 405 419 424 398 418 390 379 331 329 365 363
724 729 718 709 722 730 731 721 710 711 673 650 673 671 688 712 760 774 804 829 861 859 823 806 769 746 690 690 687 672 611 572 503 472 500 528 585 591 612 633 642 641 675 709 778 813 852 867 860 841 804 789 791 781 738 711 648 632 557 510 528 561 625 665 732 742 764 752 793 810 796 763 704 674 621 602 574 574 566 544 491 470 420 395 391 387 394 400 369 367 324 349 393 378
719 718 670 653 677 692 684 684 659 670 628 618 638 628 667 691 719 729 769 791 811 815 830 824 791 766 746 734 706 682 614 587 509 470 475 507 519 504 561 588 633 643 678 709 782 807 847 849 807 795 761 748 742 743 705 691 653 610 526 494 519 544 605 633 686 721 789 810 830 853 854 828 763 738 675 645 595 562 506 501 499 480 440 415 381 382 347 337 324 343 315 341 405 432
699 699 647 622 654 673 661 666 639 653 616 593 616 599 652 668 698 714 757 777 789 791 825 832 798 783 762 742 709 686 621 591 511 469 459 478 478 482 563 580 630 649 677 704 762 794 841 847 797 771 739 736 724 721 688 676 652 616 533 495 521 547 593 611 669 703 784 813 838 860 874 848 788 762 706 685 620 580 519 496 455 446 416 407 406 413 376 360 340 311 320 341 422 457
645 654 615 588 624 640 625 625 589 608 595 576 570 576 616 643 690 702 722 736 746 775 827 838 819 803 760 733 690 669 619 599 548 515 447 431 460 481 516 540 604 633 663 685 735 767 832 827 787 763 718 703 699 680 633 621 604 570 537 509 482 503 568 606 674 706 766 768 813 826 844 852 831 787 701 668 629 613 574 542 521 509 476 468 404 381 348 344 299 328 383 400 417 444
621 629 602 575 609 622 601 606 560 575 557 545 556 571 619 646 670 670 691 705 743 773 829 847 818 791 747 716 661 640 598 585 556 530 457 431 454 472 512 538 594 615 665 678 722 751 809 814 767 750 720 695 680 668 593 589 579 544 513 492 483 518 573 610 673 704 744 749 780 792 824 844 820 777 678 634 585 585 554 521 474 475 462 465 412 376 326 310 298 318 373 399 440 463
588 574 575 551 565 582 562 572 531 516 521 547 589 584 603 610 602 606 637 679 745 771 821 839 806 782 716 678 617 595 553 527 490 490 452 410 471 501 536 557 587 606 656 680 725 751 793 785 762 743 712 701 672 645 583 550 515 490 453 444 503 517 561 596 647 666 712 700 757 785 825 832 789 746 678 632 542 494 488 475 393 386 379 388 418 411 350 311 319 352 376 377 387 410
577 555 539 535 538 569 542 548 523 505 541 569 579 567 582 579 571 581 644 676 732 755 810 823 801 783 725 697 625 595 565 545 501 474 440 404 470 491 536 556 592 616 669 684 723 750 790 778 754 739 711 699 675 653 601 569 501 471 439 452 488 505 556 587 640 667 688 685 758 784 816 828 792 743 664 622 542 494 448 444 387 349 347 353 389 379 321 293 306 347 418 415 416 426
537 517 494 474 491 526 531 510 477 498 545 572 552 540 545 531 548 578 629 656 719 749 788 791 761 752 722 696 646 619 578 567 536 520 457 423 403 450 489 516 568 589 658 681 716 734 771 773 749 736 711 699 665 645 610 597 524 478 428 441 490 517 561 583 617 628 666 694 731 730 788 803 756 730 649 613 545 504 417 376 371 357 294 294 299 318 272 283 355 384 448 470 442 446
539 513 468 452 480 514 508 477 453 496 554 574 541 527 521 509 542 576 635 661 716 740 773 773 739 730 707 685 630 607 575 551 512 497 473 435 391 410 452 484 567 597 657 673 703 726 760 772 749 733 708 694 662 642 605 587 532 489 418 431 488 514 555 559 596 633 683 701 702 711 777 792 738 708 644 605 536 504 432 387 329 339 284 269 274 293 290 317 385 412 463 477 446 423
530 492 420 410 451 474 428 408 421 470 550 563 505 474 480 510 568 593 641 658 689 710 734 735 704 686 692 682 633 609 568 544 510 488 442 414 366 376 446 481 555 580 621 646 707 718 742 755 723 704 676 668 644 623 591 578 495 465 408 404 451 470 504 529 597 629 666 670 655 683 731 746 732 705 629 594 526 484 408 375 305 291 255 238 281 283 294 322 361 377 460 478 423 402
512 491 426 388 416 443 387 386 420 457 539 549 493 460 490 516 571 592 630 641 675 695 712 714 687 663 671 673 640 625 588 563 523 501 450 414 366 402 459 492 533 554 617 646 701 708 732 746 719 690 651 643 621 610 575 560 495 450 381 407 462 488 530 547 597 621 647 646 649 672 702 725 705 685 623 584 501 484 402 361 318 285 245 237 307 322 316 314 356 380 453 456 438 410
486 461 418 397 353 367 354 392 434 451 509 510 460 429 464 493 540 564 587 619 661 667 668 670 646 625 624 647 647 618 557 544 521 496 449 412 348 395 463 468 523 556 607 629 652 681 713 739 717 697 656 637 597 562 517 481 442 416 396 414 447 475 536 551 578 597 595 586 637 658 695 714 698 658 587 575 495 445 367 347 286 265 231 218 282 317 308 282 301 341 417 393 403 414
503 477 412 391 361 341 377 410 445 453 487 484 428 422 473 497 525 533 582 609 648 652 653 656 622 597 603 629 620 593 531 527 490 462 438 401 338 383 480 481 527 558 600 613 636 653 703 729 709 695 656 636 595 564 490 468 403 382 400 409 426 453 511 523 555 569 570 593 654 677 711 719 694 661 597 566 467 442 363 330 285 264 234 216 254 280 278 257 292 334 379 359 380 393
471 464 432 409 358 334 369 394 428 441 455 449 399 427 453 462 499 527 588 605 624 611 620 629 606 579 551 573 546 520 485 473 430 406 363 372 329 372 469 502 532 551 564 559 554 578 659 675 690 680 660 635 596 564 501 464 367 313 339 362 377 409 451 471 525 555 606 627 660 660 697 701 677 680 632 586 487 448 408 384 322 304 232 215 203 218 224 235 272 310 315 296 323 331
457 443 421 392 356 339 348 364 400 412 444 437 377 404 424 467 517 529 577 591 609 598 598 610 611 592 524 528 521 498 469 457 413 390 332 319 342 374 460 492 524 538 544 551 535 550 613 630 668 667 657 634 592 560 496 454 366 318 327 322 366 382 452 484 535 560 612 624 636 631 662 656 630 642 627 579 497 464 414 388 352 309 239 221 193 203 218 240 293 293 288 279 292 301
414 434 419 412 377 350 323 331 350 384 420 401 367 400 454 478 511 521 543 547 575 578 537 566 592 593 538 485 443 453 445 436 402 376 325 285 308 370 453 463 495 495 523 515 504 507 532 547 570 596 604 631 568 530 463 431 374 344 273 290 357 383 419 442 491 524 574 591 582 580 577 557 541 561 622 602 522 474 394 362 332 330 271 235 189 191 222 232 261 247 250 252 251 246
380 410 431 419 384 372 333 322 359 382 401 383 361 395 446 465 489 504 517 523 554 558 526 547 572 572 542 494 398 419 421 416 387 359 311 269 298 353 407 424 470 454 484 476 483 491 501 508 529 551 566 599 573 545 480 458 392 356 281 259 353 383 411 429 477 506 563 581 548 545 534 516 497 534 601 587 512 462 376 341 300 303 244 226 185 185 207 232 250 223 237 240 236 232
371 353 381 409 407 394 318 299 362 368 362 336 356 372 411 427 460 470 465 482 496 496 491 510 526 525 501 463 371 328 337 355 317 281 244 220 279 309 370 400 389 398 411 413 419 436 445 455 465 467 486 519 552 546 483 441 397 351 263 246 339 373 430 444 503 509 532 528 497 499 446 445 456 498 526 494 475 446 395 368 311 271 252 223 188 180 190 204 212 208 217 219 215 211
397 373 352 365 386 378 307 295 351 352 338 319 345 365 404 424 445 452 450 463 470 464 488 496 503 500 485 457 378 340 297 318 276 250 200 203 264 304 352 373 359 371 362 364 383 404 426 423 435 430 445 467 504 531 469 435 364 355 250 226 304 342 395 417 484 482 507 497 478 487 411 404 439 480 488 461 454 447 387 379 327 285 240 230 192 177 183 191 200 201 207 209 207 205
452 418 369 342 309 304 304 281 307 300 308 333 365 368 392 407 409 417 435 439 419 427 471 468 436 441 433 422 366 324 240 255 198 177 197 226 277 295 289 291 291 301 290 296 328 354 376 376 377 383 396 393 424 440 458 419 352 303 254 208 251 282 366 406 454 489 427 414 403 431 389 344 399 427 400 400 386 421 381 344 280 276 226 207 192 174 178 180 186 189 192 192 193 193
474 442 404 370 332 317 287 279 286 306 331 340 357 360 381 389 398 392 416 420 401 428 455 446 405 401 404 389 348 318 242 219 175 169 216 246 269 279 262 259 273 273 263 275 296 318 347 348 357 359 373 362 391 405 441 408 328 299 233 203 262 301 360 378 456 477 410 374 376 395 372 329 372 394 358 362 361 404 373 345 265 240 211 197 185 174 176 177 182 183 185 186 187 188
472 462 433 421 393 374 317 286 307 328 326 325 338 350 367 361 357 360 379 387 384 411 420 420 376 338 320 321 300 288 237 198 157 154 221 246 258 249 223 208 219 224 230 228 236 268 307 321 337 337 335 328 359 381 410 390 309 271 202 196 271 299 362 397 454 452 391 355 308 320 334 300 319 322 301 304 332 375 353 322 259 229 205 187 173 168 171 172 175 175 176 177 181 182
451 445 428 419 402 381 313 286 305 329 321 311 320 335 348 342 345 351 366 378 367 391 402 390 355 335 277 272 262 262 221 196 135 155 226 243 227 201 192 182 187 213 217 202 214 237 296 317 334 338 331 323 348 369 396 370 298 263 191 204 288 312 361 398 438 419 357 349 280 292 299 284 291 293 281 280 319 349 320 321 252 214 189 171 165 166 167 170 171 172 173 176 179 179
369 370 366 364 357 353 300 268 287 311 311 297 286 297 306 308 317 328 337 330 341 337 349 333 315 313 246 211 183 181 172 162 125 154 210 220 148 121 119 127 165 170 181 175 180 199 274 291 298 310 319 315 309 330 340 314 274 239 177 201 279 317 384 392 371 348 306 284 268 238 244 241 241 237 245 239 261 275 258 266 246 214 163 164 165 165 165 165 167 169 171 173 175 178
332 330 336 327 314 319 291 263 276 293 305 289 283 291 268 286 266 291 291 279 309 300 319 309 300 298 238 191 148 142 141 141 122 146 180 193 141 116 119 119 126 127 146 154 172 198 251 261 271 286 294 303 288 307 315 283 245 221 181 206 259 306 375 368 322 324 271 259 254 229 222 223 224 219 225 225 229 241 236 246 251 218 163 164 166 166 166 166 166 167 171 171 176 177
295 250 261 252 222 223 249 260 273 274 279 262 252 245 201 200 204 197 211 233 224 208 240 228 246 230 143 112 104 107 112 118 109 109 112 133 127 118 133 146 165 169 141 140 126 132 162 170 192 205 217 224 259 280 274 245 198 167 197 237 300 323 364 328 259 243 247 218 209 201 185 189 192 189 194 196 192 198 216 234 243 184 164 164 164 164 165 165 165 166 167 167 171 172
278 238 220 209 184 212 255 267 261 255 260 244 219 203 172 161 168 162 183 188 178 168 197 187 220 188 126 99 114 113 106 109 111 115 112 111 116 114 138 155 184 190 179 169 148 135 129 131 149 165 185 193 232 251 257 229 174 162 208 244 295 318 360 342 268 238 218 210 184 174 169 172 169 175 182 184 181 190 203 222 222 168 162 163 166 167 168 169 170 168 168 167 169 172
194 166 170 204 247 261 267 268 227 201 192 170 140 126 112 105 102 101 98 99 101 103 120 133 150 132 119 111 104 122 162 174 167 168 155 156 155 144 186 194 200 194 196 186 162 159 158 153 140 138 132 133 155 176 210 203 153 155 195 216 249 278 332 332 269 231 174 156 155 156 156 156 157 157 161 163 167 170 177 182 180 160 164 165 168 170 174 176 177 180 167 168 169 168
