data/landfire/ELEV2020.asc
ncols        216
nrows        218
xllcorner    -1940985.000000000000
yllcorner    1261215.000000000000
cellsize     90.000000000000
NODATA_value -9999
[rows 123 to 163 of 218, columns 0 to 93 of 216]
150 150 153 154 158 159 159 160 162 162 163 165 168 167 167 167 167 167 168 170 173 173 176 178 184 186 178 177 167 164 176 177 172 168 182 182 183 184 188 194 194 196 202 203 203 203 204 205 216 217 219 230 245 252 267 274 264 260 276 297 326 337 353 354 379 407 421 413 400 378 345 340 306 292 298 310 338 332 327 354 339 346 368 406 474 474 429 418 494 526 556 568 567 557
150 151 152 154 156 158 157 163 161 166 164 165 166 166 165 165 166 167 170 172 176 176 176 178 185 188 183 183 171 168 180 181 178 176 181 181 184 184 189 193 194 196 201 203 203 203 204 205 213 212 213 219 234 240 251 254 250 258 291 313 348 359 384 385 399 413 447 439 424 392 373 369 324 309 300 301 305 317 364 378 367 368 361 404 430 430 406 431 494 512 534 545 539 535
152 152 153 153 154 153 163 169 168 160 169 164 164 163 164 167 171 170 170 173 178 179 178 179 184 186 192 190 177 177 185 186 188 189 183 181 182 187 190 191 194 196 197 200 200 199 196 201 206 208 218 219 222 228 231 239 260 266 295 315 344 354 371 372 420 455 479 471 465 444 433 412 355 352 379 371 379 389 421 417 416 406 392 380 394 412 435 455 482 494 515 512 504 512
152 153 155 155 157 156 161 168 161 157 163 163 163 163 166 168 172 172 172 173 177 180 181 180 183 185 192 191 179 180 185 187 189 189 191 187 185 185 189 191 193 195 194 194 192 194 202 204 210 211 217 222 221 223 231 236 256 263 280 296 320 325 338 366 413 457 483 481 465 457 454 427 381 364 412 407 412 423 454 448 447 433 420 393 413 427 455 472 502 507 504 495 492 494
151 151 155 160 157 157 161 169 169 165 160 160 161 162 166 171 171 171 171 172 175 178 182 184 187 187 191 190 184 184 186 188 190 194 195 190 195 193 189 192 197 197 190 192 193 194 197 200 211 219 222 226 231 235 231 235 255 268 286 296 319 341 383 408 453 459 477 487 487 480 475 465 436 417 450 458 457 473 503 503 507 495 443 420 418 436 465 472 481 481 484 489 519 526
150 152 157 159 161 160 159 161 166 171 172 171 162 161 166 172 171 171 171 172 177 178 183 185 186 188 191 189 184 184 186 188 190 196 197 193 198 193 186 189 199 199 188 189 194 194 197 199 220 229 234 229 238 243 246 237 246 261 275 293 329 350 398 421 445 450 464 472 472 462 469 472 464 455 469 479 476 493 515 518 525 514 455 427 426 453 495 489 480 483 505 499 522 545
151 152 157 159 163 164 161 160 160 160 160 162 173 173 168 169 171 170 171 175 182 183 186 187 188 189 191 190 188 187 186 186 189 193 194 196 199 194 182 184 197 198 186 183 193 194 196 199 225 235 249 254 254 253 276 277 255 244 260 269 299 324 374 384 385 391 427 430 426 413 441 467 494 502 518 522 527 524 542 544 550 539 495 472 476 492 519 529 516 516 545 535 516 533
151 152 156 159 162 164 163 162 165 159 160 161 161 162 171 172 171 171 171 175 183 184 188 189 189 189 191 191 189 188 187 187 188 191 193 192 189 189 182 182 195 196 185 182 194 193 198 198 219 230 236 255 271 269 283 291 265 250 260 274 306 324 347 351 354 372 406 414 407 398 447 466 494 505 529 540 548 547 541 538 546 543 514 504 485 517 543 552 543 543 553 540 538 547
152 152 154 156 160 161 160 160 163 167 162 163 164 164 173 173 174 174 174 182 182 184 188 189 185 186 192 193 190 190 189 189 187 187 188 187 188 180 177 179 192 189 181 181 187 192 198 195 200 204 227 250 291 298 311 310 290 279 279 282 285 295 300 302 347 367 384 385 368 397 444 461 488 502 514 520 531 534 531 521 519 531 549 556 537 566 594 594 596 582 569 561 553 573
151 152 153 155 158 159 159 159 161 165 164 165 165 167 173 174 173 173 179 182 183 186 188 191 184 186 197 193 190 190 188 188 186 185 186 185 187 181 175 178 191 190 181 178 181 188 206 207 203 213 233 253 293 303 309 303 292 276 277 278 271 289 281 304 343 352 372 365 364 388 427 443 475 489 490 497 504 500 498 490 522 549 555 568 558 562 608 615 614 595 589 583 568 577
151 152 152 152 153 154 156 157 161 164 169 167 170 171 173 174 174 174 182 183 186 187 188 188 182 188 193 189 188 189 187 186 183 182 182 180 179 177 172 174 187 188 178 176 185 196 212 220 216 227 237 239 270 289 293 278 276 266 242 242 266 267 286 307 292 291 315 298 333 368 411 412 421 435 438 436 438 456 491 499 554 559 565 584 613 615 631 647 634 619 639 619 608 624
151 152 153 153 154 153 155 156 161 164 170 171 171 171 172 174 175 175 183 183 188 189 191 187 180 185 191 188 187 188 187 186 179 177 182 178 176 173 171 174 185 185 175 175 184 192 204 215 214 221 218 224 261 283 281 263 265 258 229 233 261 249 286 300 270 280 284 272 317 351 374 373 396 407 408 412 449 464 502 522 559 574 571 589 630 639 637 658 646 642 656 645 637 636
152 152 154 154 155 155 155 158 162 163 169 170 173 173 174 177 179 181 182 183 184 187 189 185 177 182 184 183 185 186 186 186 174 174 179 176 170 168 170 173 181 180 173 173 177 180 188 193 198 204 203 224 259 269 249 228 253 251 223 223 229 233 274 275 247 253 251 274 325 339 329 356 386 389 405 407 429 443 478 500 549 573 606 620 656 671 670 673 673 681 690 681 692 698
151 152 153 154 155 155 156 159 162 163 166 169 175 174 175 176 178 180 182 182 182 183 182 180 176 179 180 182 184 185 185 184 173 171 177 175 168 167 171 172 177 179 172 171 175 176 180 183 196 203 205 224 247 258 238 217 244 245 226 210 216 234 263 257 239 240 249 266 305 301 324 355 415 424 424 427 452 464 477 485 533 554 603 621 653 662 677 670 664 678 690 690 702 712
150 151 152 153 154 155 157 159 163 163 165 167 171 177 177 176 178 179 180 181 179 180 177 176 177 177 177 176 178 180 181 176 170 171 169 172 166 164 170 174 175 176 169 170 175 172 172 174 184 190 190 198 236 224 222 205 217 222 211 199 218 236 250 239 224 237 257 252 260 277 328 364 427 433 432 439 473 492 508 520 542 544 588 602 609 613 651 637 650 665 682 696 708 710
149 150 152 153 154 155 158 160 164 163 165 166 168 177 177 177 178 178 180 181 176 175 174 175 176 176 176 175 174 174 174 172 169 170 167 169 165 164 171 174 172 173 167 170 177 174 169 171 180 183 189 202 230 222 207 200 202 210 203 197 213 225 242 230 232 250 268 268 269 287 336 365 424 438 437 444 475 495 523 539 558 569 575 588 593 613 651 628 632 638 681 695 702 695
149 149 151 151 153 155 158 161 167 164 163 164 166 166 174 173 176 176 174 175 173 172 173 174 173 174 174 174 173 173 173 167 167 168 163 163 162 162 168 172 170 165 166 171 177 175 166 167 172 174 185 192 208 214 191 184 191 197 192 191 205 217 223 208 238 248 267 280 301 305 329 355 402 432 456 463 494 511 544 556 561 561 583 593 602 616 619 600 574 593 648 674 681 662
149 149 151 151 153 154 157 161 168 163 163 164 169 164 171 171 174 174 170 170 170 170 170 172 173 174 174 174 173 172 171 164 167 167 162 162 161 161 166 170 168 164 166 169 176 174 164 166 169 172 181 186 199 204 188 181 186 190 187 189 209 220 213 211 232 237 267 284 313 321 340 360 402 422 456 467 497 510 538 542 527 539 592 608 618 627 610 587 564 582 622 650 666 655
150 149 151 152 154 154 155 156 160 160 161 162 165 162 167 166 168 169 166 167 165 165 164 163 167 168 167 168 169 172 163 163 164 165 162 160 159 160 164 166 163 161 168 170 172 174 163 163 164 167 174 178 187 187 175 175 180 181 187 190 208 212 198 206 218 239 246 252 276 290 317 329 369 381 411 441 472 485 492 479 487 523 581 602 612 609 612 614 570 547 594 618 628 616
150 150 153 153 153 153 154 157 158 161 160 161 161 161 165 165 165 166 165 165 163 164 163 163 166 166 166 166 163 165 160 162 163 162 161 159 158 159 162 163 160 160 167 168 171 172 164 160 162 165 172 178 186 185 172 173 178 178 188 190 201 204 200 204 220 231 238 260 289 305 337 352 369 384 414 428 455 466 461 450 474 514 579 596 597 587 601 602 560 535 579 598 605 590
151 151 152 153 153 153 155 156 156 158 159 158 158 159 161 161 162 162 163 164 164 163 162 161 163 163 164 161 160 159 158 158 159 158 157 157 157 157 159 159 158 159 163 162 166 166 162 159 162 165 172 172 174 172 169 172 179 183 189 192 196 188 199 200 208 223 248 267 328 349 372 384 394 394 368 360 417 410 395 392 453 491 538 549 551 537 563 566 535 500 521 553 591 579
150 150 153 153 154 154 155 155 157 157 158 157 157 158 159 161 161 162 161 161 161 161 162 161 162 163 163 159 158 157 156 157 157 157 156 156 156 157 157 157 157 158 160 160 163 163 159 157 162 166 173 170 167 167 172 176 182 184 188 191 190 183 201 205 214 226 263 279 329 345 372 384 389 379 340 354 401 384 372 376 437 467 512 522 520 506 542 546 522 486 504 544 581 576
152 153 154 154 153 153 153 153 155 156 156 156 157 157 159 161 162 162 160 159 160 159 159 160 161 162 158 155 155 155 155 154 154 153 154 154 155 155 160 154 156 157 156 156 156 157 154 156 161 165 172 167 162 169 175 177 181 183 186 187 178 182 193 190 217 236 284 301 315 314 332 351 362 342 321 342 352 327 356 381 421 432 461 468 453 451 499 504 476 452 501 528 557 553
152 153 156 154 154 154 156 155 155 155 155 155 156 157 158 159 161 161 158 158 159 159 159 159 159 158 156 155 154 154 154 153 152 153 153 154 154 155 160 153 155 156 155 154 154 154 152 155 160 164 169 164 163 170 174 176 181 183 185 180 178 179 184 189 216 235 282 295 297 290 313 334 356 326 307 324 328 311 343 378 407 408 430 439 422 444 484 490 465 446 491 514 540 535
153 155 156 157 156 156 156 155 154 155 155 155 155 155 157 156 156 156 155 155 156 156 157 156 159 162 155 154 153 153 152 152 151 151 152 152 155 158 159 152 151 153 158 153 150 150 152 154 155 157 157 161 169 171 174 176 179 180 171 175 196 202 201 192 205 217 243 253 249 244 285 296 312 296 275 296 292 305 346 362 367 381 372 372 435 463 485 485 459 442 446 468 502 514
155 156 156 157 156 155 157 156 155 155 155 156 156 156 157 156 156 156 156 155 155 155 154 154 155 154 154 153 152 152 151 151 151 151 151 152 156 157 157 152 150 151 157 152 149 149 151 153 154 154 158 164 169 170 174 175 177 177 168 179 204 214 215 207 200 208 224 231 220 243 269 276 288 273 265 282 299 316 343 343 352 368 350 368 419 446 480 490 477 458 431 447 482 500
155 156 161 158 158 157 157 158 154 155 155 156 161 158 157 156 157 156 156 156 156 155 156 156 154 154 155 153 152 152 151 151 150 150 150 151 154 156 155 152 148 148 151 150 146 147 148 149 153 156 163 164 168 169 171 172 173 162 169 178 202 217 238 239 210 195 198 202 211 224 230 237 243 234 228 239 300 308 314 330 357 343 341 374 414 429 460 481 511 499 449 425 442 458
157 156 162 159 159 159 158 160 155 155 156 156 165 159 158 157 156 157 156 156 154 155 155 156 155 154 155 154 152 153 152 151 150 149 152 152 152 153 152 151 148 147 148 148 146 146 149 151 157 159 162 164 166 167 169 171 170 159 165 170 197 211 236 245 219 201 189 194 200 212 217 221 230 223 225 248 289 289 311 327 329 320 352 376 406 425 474 496 526 516 465 439 415 436
154 155 158 158 158 158 159 159 158 157 157 158 164 160 158 159 160 157 156 155 156 155 154 155 157 156 156 156 153 153 153 151 149 149 152 152 153 153 152 150 149 148 146 146 145 146 153 156 158 158 161 163 164 165 168 169 159 162 166 170 186 195 215 229 228 211 182 182 186 193 193 192 199 209 227 228 256 283 299 293 306 335 353 355 391 403 442 473 530 532 495 464 392 379
152 153 156 157 159 160 157 157 158 157 156 155 162 161 158 158 159 157 156 156 156 156 154 154 156 157 156 155 153 154 152 151 149 150 151 153 152 152 150 150 149 149 147 146 146 148 156 157 157 158 161 162 163 164 167 168 154 160 165 168 180 187 209 222 231 214 184 176 186 188 183 193 204 207 213 231 267 269 273 259 312 340 375 383 412 430 449 473 527 531 484 459 423 397
151 149 162 162 155 155 155 154 155 156 154 155 159 158 159 160 157 158 158 156 156 156 156 156 156 156 155 157 155 154 150 145 151 151 153 151 150 149 149 148 150 150 144 144 147 151 157 156 158 159 160 160 163 164 164 161 155 160 164 165 171 177 198 210 215 207 178 170 172 174 182 188 189 200 222 234 242 227 230 258 323 339 377 390 408 429 487 509 534 538 517 504 445 419
150 151 157 157 160 156 157 157 154 154 154 154 156 157 158 158 157 157 157 156 155 155 155 156 156 155 156 156 154 153 150 150 150 151 151 151 151 151 150 151 150 150 143 143 148 152 156 155 157 159 159 159 163 163 160 155 156 162 163 164 168 175 194 202 212 204 175 166 172 175 178 182 186 197 213 222 225 211 246 268 306 315 349 360 399 420 485 511 538 533 521 511 464 449
147 150 152 156 155 158 155 154 153 154 158 158 158 157 158 158 157 154 154 152 153 153 154 154 155 156 156 156 156 154 150 152 149 149 149 147 153 155 155 153 149 148 142 148 152 156 155 156 157 157 159 160 160 160 150 149 161 162 161 162 166 170 181 190 193 189 162 170 181 180 172 172 172 176 182 182 205 222 250 269 323 337 370 389 423 440 479 500 520 505 489 509 508 496
142 144 148 151 153 154 157 156 153 152 156 160 157 157 159 158 156 156 156 155 155 155 156 156 156 155 154 153 151 150 149 152 148 148 148 147 146 147 155 153 154 149 142 148 152 155 152 154 156 157 160 158 159 159 145 150 161 161 162 162 166 168 177 182 183 179 160 171 184 182 171 171 166 168 176 197 228 239 263 279 313 329 349 367 410 432 477 493 509 498 466 489 503 499
147 147 148 148 149 150 148 148 152 149 154 156 157 157 156 156 156 154 151 151 153 153 156 156 157 156 158 156 150 148 147 145 146 145 147 150 148 148 150 149 148 147 143 143 153 151 155 152 155 156 158 159 155 154 147 155 160 160 161 164 166 166 169 171 165 159 165 171 182 172 162 163 159 160 181 195 227 236 258 267 282 302 343 364 403 419 446 463 476 461 414 439 463 455
146 144 145 146 148 148 146 147 152 150 155 156 157 157 155 155 153 152 153 155 155 156 156 155 156 156 157 156 148 149 148 145 146 145 148 152 150 148 149 149 149 147 145 145 153 148 151 150 154 156 157 158 153 149 151 156 159 159 162 166 167 165 166 165 156 148 164 169 173 158 154 153 161 168 176 184 206 218 258 272 283 295 328 345 380 399 421 442 462 437 390 419 427 441
145 144 143 143 146 148 143 144 147 151 149 150 154 153 154 155 153 150 153 154 154 156 154 153 152 152 156 154 148 150 145 145 145 144 153 152 152 153 161 158 149 146 137 144 146 144 150 151 153 152 158 156 143 142 152 153 157 158 162 163 165 161 151 147 137 147 165 169 144 137 160 173 190 193 180 176 201 225 267 283 310 314 312 316 333 349 402 422 435 412 360 366 371 398
144 144 145 144 147 147 143 143 143 146 148 147 151 151 151 152 150 148 154 154 153 155 153 152 152 152 150 150 146 149 147 147 143 145 150 153 153 154 160 159 149 146 131 137 145 143 149 151 152 152 156 153 137 144 151 151 157 159 161 162 159 152 133 134 151 160 163 159 132 143 172 183 197 198 187 184 197 219 266 283 314 321 316 312 312 335 385 407 421 404 350 329 345 371
143 143 143 143 143 143 144 142 141 143 145 145 146 145 146 145 145 145 149 147 148 151 149 151 147 151 150 146 146 144 145 147 145 145 145 149 148 148 150 152 153 151 127 128 139 144 148 149 153 153 153 144 133 142 152 155 159 161 161 159 135 119 145 156 163 164 159 141 139 160 181 191 204 206 206 204 201 215 242 259 296 309 303 290 292 314 351 370 397 397 361 319 275 301
143 141 141 142 142 142 142 141 140 143 142 144 143 142 144 144 143 144 143 144 148 152 149 149 145 149 148 147 146 144 147 148 146 148 147 148 148 149 149 149 146 150 126 125 140 144 150 150 152 152 152 143 138 148 152 154 158 158 161 155 123 120 154 159 163 164 157 139 141 160 182 192 203 206 209 210 205 209 238 257 285 293 286 270 285 303 332 347 380 385 355 321 250 265
142 143 139 139 141 139 141 142 142 141 138 141 141 141 141 142 142 140 143 143 144 146 146 145 144 149 147 148 147 142 145 144 142 144 145 145 141 141 142 144 149 150 126 123 144 148 148 150 151 151 143 128 141 150 154 157 158 157 144 139 119 137 153 155 160 161 147 126 136 151 177 186 199 204 206 207 213 219 235 241 251 258 253 233 266 274 295 313 338 342 333 315 233 203
