data/landfire/ELEV2020.asc
ncols        216
nrows        218
xllcorner    -1940985.000000000000
yllcorner    1261215.000000000000
cellsize     90.000000000000
NODATA_value -9999
[rows 0 to 40 of 218, columns 0 to 93 of 216]
-9999 -9999 -9999 -9999 -9999 -9999 -9999 -9999 -9999 -9999 -9999 -9999 -9999 -9999 -9999 -9999 -9999 -9999 -9999 -9999 -9999 -9999 -9999 -9999 -9999 -9999 -9999 -9999 -9999 -9999 -9999 -9999 -9999 -9999 -9999 -9999 -9999 -9999 -9999 -9999 -9999 -9999 -9999 -9999 -9999 -9999 -9999 -9999 -9999 -9999 -9999 -9999 -9999 -9999 -9999 -9999 -9999 -9999 -9999 -9999 -9999 -9999 -9999 -9999 -9999 -9999 -9999 -9999 -9999 -9999 -9999 -9999 -9999 -9999 -9999 -9999 -9999 -9999 -9999 -9999 -9999 -9999 -9999 -9999 -9999 -9999 -9999 -9999 -9999 -9999 -9999 -9999 -9999 -9999
140 143 155 150 152 151 149 152 161 169 179 176 200 224 231 213 216 218 223 223 222 228 236 235 231 227 220 210 220 224 228 225 235 255 281 285 273 261 226 224 204 217 230 229 227 225 212 221 234 235 232 229 225 224 213 198 192 202 194 184 183 182 182 185 186 189 192 199 213 212 212 223 237 246 267 277 277 272 256 260 262 275 295 308 300 295 322 334 366 389 407 417 448 457
139 144 150 150 154 157 163 162 161 164 179 181 193 218 221 209 215 217 221 222 223 226 233 232 227 223 218 208 217 223 223 218 238 256 280 277 266 257 224 221 204 218 223 226 224 220 216 229 234 233 228 225 215 216 212 198 187 196 192 183 180 180 183 184 187 188 192 197 202 202 229 240 253 259 274 278 269 263 249 252 268 278 288 295 288 304 306 317 351 367 378 398 424 440
148 143 152 154 158 161 176 174 168 167 182 184 185 189 194 202 207 209 215 216 215 219 222 223 223 216 210 207 212 215 222 221 238 255 274 267 238 235 225 219 200 214 222 220 209 204 220 221 227 229 225 222 214 206 190 187 181 181 180 179 178 179 183 184 185 186 190 194 198 204 229 246 251 264 269 262 254 245 263 271 271 278 288 289 305 335 345 346 369 366 394 428 461 483
162 150 154 156 162 162 167 169 175 177 180 183 188 191 197 201 204 208 213 216 210 210 220 222 221 214 208 201 211 211 226 229 241 258 269 255 230 232 222 219 197 211 212 211 201 206 217 223 227 228 220 216 214 214 197 186 180 179 178 177 178 179 183 184 186 189 190 190 194 198 217 233 235 256 259 248 244 241 270 281 280 296 318 311 322 353 367 356 394 393 384 413 438 474
175 170 149 156 160 157 176 186 185 185 190 190 191 201 204 205 202 204 211 210 209 209 211 214 215 206 200 197 213 213 229 233 246 259 249 232 224 229 217 215 198 195 207 211 200 212 213 208 224 229 224 219 195 199 191 181 176 176 176 176 179 180 183 185 191 196 196 200 202 202 202 207 225 234 232 235 250 244 262 290 305 317 357 368 388 395 405 395 408 434 436 419 448 454
179 176 156 156 167 168 184 187 185 184 187 191 193 201 205 204 206 205 201 202 207 206 204 208 208 209 200 200 213 218 227 233 241 255 240 225 226 227 219 213 202 190 202 202 206 209 204 210 226 230 222 218 192 186 179 176 175 175 175 177 180 181 185 187 196 200 201 206 208 209 211 210 210 222 238 242 266 268 258 283 314 330 369 380 402 411 422 422 430 447 447 443 477 477
180 170 171 175 168 171 181 187 186 184 192 193 197 199 201 205 213 210 203 200 196 195 198 199 199 198 198 196 211 217 217 220 228 228 217 209 217 221 222 210 205 200 192 189 205 203 202 211 224 228 217 208 182 176 173 172 175 176 181 186 187 186 189 193 216 225 225 230 231 222 220 219 243 258 268 258 255 270 265 256 288 306 320 330 382 390 417 429 453 456 447 458 490 490
175 164 174 174 174 173 178 186 185 184 190 196 200 202 201 210 214 215 204 200 196 193 198 201 204 204 198 198 209 216 214 216 222 219 212 206 212 214 220 217 203 201 186 185 199 195 206 212 225 225 212 210 180 175 172 173 177 178 185 187 189 189 189 196 221 226 236 242 235 227 226 228 237 256 277 279 260 254 280 266 264 278 307 316 366 360 392 410 435 427 424 437 475 480
175 174 172 173 174 175 178 184 186 189 196 201 202 203 209 211 209 207 198 195 190 194 201 203 206 208 194 192 202 205 209 214 215 222 217 209 202 209 209 210 203 200 187 182 194 201 212 217 220 221 207 188 174 171 171 173 186 187 182 187 192 195 197 196 207 212 225 227 229 233 245 254 258 255 287 299 288 271 296 308 284 273 289 288 306 316 343 375 371 367 372 380 443 469
175 172 173 173 174 175 178 182 187 193 197 198 198 200 207 205 198 204 198 195 191 192 202 206 210 209 196 190 194 193 206 211 216 222 222 216 202 199 209 207 205 199 185 182 198 204 214 217 213 218 198 182 172 170 172 173 183 185 185 184 191 194 199 200 204 209 214 219 228 236 257 260 277 281 310 319 299 276 303 311 294 291 299 293 295 302 338 358 342 346 355 380 445 474
172 172 172 173 175 179 182 180 191 191 190 190 189 189 196 198 192 191 185 186 190 193 204 210 216 208 199 192 192 192 201 207 214 216 219 220 209 204 191 201 198 198 179 183 198 202 203 206 207 210 180 171 169 170 175 180 184 187 193 196 193 194 197 202 207 206 219 225 227 234 247 266 294 313 342 351 332 303 315 314 335 321 321 331 321 308 301 307 324 337 369 402 448 449
172 172 172 174 179 180 184 180 191 191 190 189 189 189 188 190 190 186 183 184 190 194 204 213 215 212 200 195 192 192 197 205 213 213 221 220 208 209 194 193 197 198 176 184 197 199 199 199 207 202 171 168 169 171 179 182 188 193 196 198 200 203 215 219 219 219 219 231 239 241 255 256 292 313 357 368 342 313 332 324 352 331 336 343 340 319 305 306 341 359 386 421 454 431
173 173 172 173 180 182 189 179 191 191 189 189 189 189 188 187 182 180 180 180 194 196 207 210 213 209 202 195 188 193 195 200 208 212 221 223 207 209 199 193 185 191 174 184 189 187 194 201 197 178 167 168 170 173 177 184 200 209 221 215 209 216 228 236 244 240 221 220 244 253 275 273 271 297 365 384 352 327 362 352 371 361 387 391 359 361 323 310 354 377 448 470 436 406
175 175 172 175 180 182 188 178 191 191 187 186 188 189 189 187 183 183 179 180 206 209 209 210 215 209 204 194 186 193 196 201 206 212 220 221 212 207 204 204 184 188 173 180 180 188 199 204 186 169 167 167 169 173 184 182 199 213 227 223 212 217 224 232 248 249 234 223 233 243 269 284 270 296 362 377 360 346 377 368 368 376 394 408 389 374 323 316 356 385 442 455 401 379
183 184 178 181 186 184 183 177 179 181 182 186 186 185 183 183 183 181 182 182 208 208 209 212 216 217 191 188 181 194 196 201 213 213 221 218 214 212 205 203 190 183 174 171 183 189 194 195 169 166 166 167 171 174 187 194 190 201 214 210 207 209 222 229 233 245 252 231 260 249 289 287 314 306 344 376 388 384 417 413 382 405 412 433 427 393 357 346 345 368 403 397 351 331
180 181 177 180 187 185 181 176 178 179 181 183 184 183 182 184 184 181 189 186 206 206 208 214 215 215 194 193 179 192 196 198 212 214 224 215 212 210 208 202 195 186 177 169 176 181 185 182 165 165 166 167 173 176 185 195 201 198 201 203 213 220 230 242 243 243 259 242 275 268 298 306 329 328 327 350 402 405 439 433 396 421 425 448 441 412 371 345 361 387 406 383 339 321
178 178 180 181 182 181 179 173 177 178 173 173 181 178 181 183 184 185 189 192 205 204 206 213 212 212 198 196 179 181 196 197 199 205 209 207 202 204 200 201 197 190 173 169 168 169 170 167 164 164 167 169 179 187 196 208 231 231 206 223 241 248 238 263 274 261 277 259 291 307 309 327 343 365 376 361 411 431 472 469 411 439 480 483 422 390 362 363 384 413 398 371 331 340
175 176 180 181 182 174 176 172 177 171 171 171 177 176 180 182 186 187 189 201 202 202 209 212 211 212 199 196 180 176 196 197 199 200 204 204 201 200 202 201 195 193 177 169 165 166 170 167 164 164 169 174 189 197 200 211 238 239 212 230 253 260 246 267 283 274 283 273 312 313 331 327 353 374 398 378 432 460 488 489 425 444 498 488 422 409 388 381 389 410 400 368 352 364
173 173 173 176 167 164 168 169 169 169 170 170 173 175 178 184 186 187 193 200 202 202 204 206 210 211 197 193 179 175 195 196 197 199 201 203 197 198 196 196 184 176 178 172 163 162 169 170 163 171 188 196 207 204 229 230 251 242 232 237 267 283 287 285 313 312 306 317 332 343 359 365 384 407 457 434 441 473 520 492 472 470 512 507 477 473 430 406 420 432 371 365 407 419
169 172 172 177 168 162 166 168 169 168 169 169 173 174 178 179 187 185 193 200 203 203 205 205 210 211 202 190 183 175 189 192 190 195 198 205 197 197 196 197 185 178 171 170 163 162 166 171 165 175 194 202 222 217 239 249 263 260 232 248 263 286 306 309 321 328 312 330 338 353 372 393 395 423 475 450 463 497 534 505 500 503 523 510 504 491 440 433 433 423 386 397 434 453
162 164 171 170 168 158 164 162 166 168 167 168 171 172 177 179 183 186 189 192 197 197 200 200 211 208 200 190 181 175 179 183 190 193 199 203 201 200 195 194 194 196 187 177 167 162 163 179 169 166 206 224 239 244 251 239 273 282 275 262 296 314 344 347 356 368 352 346 368 371 389 417 435 445 508 482 510 535 564 556 544 528 471 466 462 468 489 494 471 443 441 451 479 501
158 159 162 165 160 154 163 160 157 165 166 167 171 180 186 187 189 193 198 200 203 203 204 199 209 201 199 192 184 175 177 181 189 190 200 202 202 202 196 194 195 190 177 171 164 161 166 178 162 174 224 238 247 243 232 225 280 294 297 285 299 325 356 362 380 392 375 372 388 392 404 422 468 481 521 505 534 559 557 552 517 500 443 438 429 452 507 516 492 462 466 483 508 490
151 152 154 151 150 152 159 157 166 166 167 169 172 189 187 189 198 198 205 205 206 205 204 205 202 196 198 193 189 176 168 181 188 192 195 195 196 198 192 192 185 180 164 160 159 159 162 161 201 216 250 254 239 223 216 243 290 301 329 331 337 344 343 347 385 398 411 420 437 442 467 465 502 520 533 524 559 568 515 479 469 435 424 398 422 455 513 512 516 507 506 525 506 467
147 146 148 149 154 153 165 155 166 167 168 169 177 190 191 198 202 204 211 213 217 218 210 206 202 197 197 196 187 178 166 178 189 189 194 194 195 192 192 193 194 191 164 159 159 159 166 180 214 230 248 243 220 201 215 234 272 285 327 341 353 342 319 320 376 381 415 430 456 470 493 497 512 521 510 494 551 562 516 479 442 420 396 383 414 433 491 492 494 497 537 548 501 461
146 154 158 158 158 161 165 166 180 181 177 181 189 189 200 200 203 207 211 212 213 214 214 215 198 198 191 194 180 176 168 174 181 182 193 193 187 191 183 185 176 168 161 159 159 159 181 191 212 219 209 204 192 211 234 250 284 294 324 331 334 319 280 309 333 351 398 419 470 489 521 516 477 476 464 443 519 545 505 472 424 395 358 358 409 431 436 435 466 487 550 562 515 479
156 153 164 158 161 164 168 176 181 182 186 184 188 188 196 196 204 207 213 213 212 211 212 204 198 198 191 188 176 176 166 177 180 182 192 192 187 186 174 173 164 163 160 160 159 159 173 182 195 200 193 186 199 215 228 234 272 277 315 320 318 305 269 297 323 350 403 421 468 482 502 496 455 439 428 423 504 529 511 479 402 383 354 345 394 402 407 417 464 491 556 569 517 476
165 156 157 162 167 170 185 184 184 186 191 191 190 190 201 203 208 207 214 214 208 206 202 201 198 190 180 180 175 175 166 178 180 180 181 180 181 181 178 178 180 168 175 164 161 161 159 173 191 195 184 178 192 201 220 236 267 283 288 290 270 264 266 286 333 349 386 401 443 445 460 453 432 400 372 395 465 487 471 457 405 386 328 344 380 394 413 426 470 493 567 583 527 528
164 162 158 160 172 171 186 187 187 189 191 192 191 191 200 201 201 202 212 210 209 207 204 202 193 184 180 178 176 176 163 170 172 174 176 183 186 187 183 183 181 174 174 169 169 172 157 166 184 188 175 174 194 200 216 235 266 276 266 269 249 244 271 284 316 326 370 396 428 427 441 439 403 392 364 407 457 466 450 422 373 372 325 340 378 395 423 434 482 510 575 589 563 557
171 170 170 170 169 172 183 187 188 189 192 192 195 199 204 205 208 204 208 202 209 208 200 196 192 189 180 178 175 168 165 163 170 179 185 183 187 189 191 195 192 191 191 187 182 179 161 147 164 164 166 172 180 195 223 235 250 244 224 225 241 249 249 258 314 334 376 393 388 389 392 398 353 340 357 376 423 425 382 365 331 322 333 367 412 427 453 469 484 500 565 581 589 576
172 175 180 174 169 172 184 187 188 188 192 192 193 197 204 205 205 203 204 198 207 207 198 198 193 189 180 177 174 171 160 163 168 175 177 175 180 180 191 195 194 188 184 183 176 175 157 145 155 150 165 164 180 196 220 228 236 225 212 226 239 236 235 261 307 327 367 384 363 366 367 374 340 320 342 372 403 399 357 342 308 301 353 379 435 440 453 467 468 493 557 571 585 571
172 182 189 187 171 172 184 186 187 186 187 188 188 190 199 207 201 201 196 197 196 200 193 193 192 190 186 177 169 164 158 164 165 167 173 175 184 189 191 184 194 194 182 172 157 159 152 148 145 146 155 162 173 181 205 200 196 208 216 222 212 223 250 255 289 311 347 360 320 338 327 334 311 298 352 366 355 342 339 321 286 317 369 401 436 426 428 433 465 491 523 548 559 527
173 177 192 187 172 174 184 185 186 184 188 188 188 193 195 200 200 201 199 198 195 198 191 191 190 190 186 177 169 166 157 159 165 171 178 178 182 190 186 176 190 186 183 175 159 153 146 145 145 147 154 156 168 175 193 184 205 206 215 219 210 222 235 243 293 305 330 338 311 313 307 312 293 293 346 351 333 313 330 308 289 322 393 419 425 412 419 433 445 472 514 541 548 516
184 185 182 175 176 176 174 182 181 188 187 192 192 193 200 201 205 206 205 205 200 194 190 187 184 185 181 167 165 164 156 155 162 168 181 182 186 182 178 174 171 169 175 170 155 147 145 145 145 148 167 171 171 172 183 193 191 195 205 197 198 203 233 248 263 271 283 299 297 275 279 266 294 316 318 303 273 283 315 293 287 317 390 403 372 384 396 396 425 448 504 529 540 511
187 186 181 170 176 176 172 180 183 188 189 194 191 195 201 200 204 205 204 202 197 196 190 187 182 181 171 167 163 162 155 154 163 171 178 182 185 185 188 179 163 164 171 164 152 146 145 145 146 149 164 169 174 177 186 192 181 187 192 185 193 204 230 240 255 257 270 282 288 271 261 267 301 312 303 273 259 286 309 290 292 322 377 390 353 363 375 380 439 448 496 521 536 509
181 173 169 167 176 177 177 177 182 186 190 198 196 206 206 207 207 207 198 197 196 188 187 186 181 175 168 168 163 161 153 152 168 168 178 180 186 188 185 185 170 160 156 156 152 145 145 145 150 161 163 163 168 170 172 171 169 171 176 183 193 202 226 232 240 234 245 246 243 245 270 279 286 286 259 250 270 289 276 261 292 321 371 371 328 319 354 377 429 458 492 509 525 497
177 171 168 167 177 178 180 178 184 184 192 198 199 207 207 208 210 210 201 195 195 188 187 186 184 181 167 163 162 156 152 151 167 168 178 180 188 188 186 185 176 161 152 153 150 145 145 145 154 159 160 160 164 166 164 165 174 178 176 182 198 203 218 227 234 226 230 230 246 255 275 270 269 262 231 240 277 286 261 249 306 336 369 363 324 314 349 371 431 452 489 502 516 501
164 165 168 173 181 193 178 182 184 192 195 197 201 203 206 207 206 208 205 194 190 188 187 186 184 172 167 165 156 155 149 150 161 162 175 176 185 186 186 184 182 179 155 151 146 145 145 145 149 151 155 158 155 160 166 168 174 179 184 186 188 191 200 202 214 223 239 246 260 262 268 254 221 218 251 267 269 263 255 273 332 353 356 343 312 309 335 351 409 438 485 502 507 489
163 165 169 177 187 188 180 183 186 193 197 198 203 205 207 207 205 203 204 196 188 188 187 185 182 171 166 163 156 152 149 150 159 161 171 175 185 184 183 183 182 176 157 151 147 145 145 146 151 152 153 153 157 162 174 177 182 185 191 191 190 196 202 211 229 236 243 246 251 249 260 247 217 213 253 268 253 238 249 282 326 349 351 332 299 310 340 360 416 440 475 483 502 498
162 163 170 183 187 186 185 185 193 195 199 202 208 208 209 209 205 196 197 191 180 184 181 183 179 175 167 163 155 153 148 155 161 169 173 175 182 183 180 178 177 157 152 147 145 145 145 145 145 147 153 156 158 160 165 170 174 186 192 197 201 200 213 220 226 230 215 222 231 220 230 220 206 220 261 260 232 216 269 291 323 334 334 311 277 295 329 355 398 411 433 467 508 497
164 165 168 178 187 187 187 192 194 194 207 207 206 210 214 212 205 194 197 190 183 178 181 179 180 175 168 162 156 154 147 156 162 170 175 176 182 183 179 178 165 154 147 145 145 145 145 145 149 153 158 163 158 159 162 165 174 184 183 188 200 195 212 215 220 218 206 218 221 206 210 200 213 231 258 252 224 216 265 287 310 318 314 301 260 280 320 345 380 377 431 467 509 496
