data/landfire/ELEV2020.asc
ncols        216
nrows        218
xllcorner    -1940985.000000000000
yllcorner    1261215.000000000000
cellsize     90.000000000000
NODATA_value -9999
[rows 41 to 81 of 218, columns 94 to 187 of 216]
435 419 372 351 330 324 300 279 244 226 214 205 180 180 178 179 179 179 179 182 182 182 183 184 188 200 224 226 241 233 203 194 192 195 197 194 195 196 225 241 263 276 302 305 299 301 313 318 297 281 254 247 241 241 247 256 287 288 293 293 323 336 356 354 333 321 307 304 321 313 299 310 305 292 270 284 254 237 231 234 243 250 278 289 328 353 418 439 423 414 398 390 371 368
430 403 374 354 325 315 282 268 238 214 208 203 180 179 178 177 177 185 193 199 191 183 184 184 207 217 236 241 243 231 201 194 193 193 194 195 203 212 247 258 276 283 295 302 313 318 331 336 315 306 277 270 260 263 266 252 267 274 288 288 303 322 344 350 344 338 321 307 328 321 300 308 317 304 279 294 268 247 231 233 241 248 273 283 318 344 419 450 446 439 421 404 376 373
410 384 357 344 318 307 278 263 253 238 199 194 189 181 176 176 196 210 241 236 230 209 197 191 206 222 249 260 243 229 198 195 195 195 198 210 248 252 258 252 249 257 278 285 297 306 320 327 334 338 329 320 318 316 312 297 282 313 340 337 320 327 332 327 344 348 343 332 332 324 322 311 330 327 305 311 275 256 233 232 238 246 255 267 303 329 379 410 464 472 450 425 407 397
407 376 343 338 322 308 265 256 260 245 208 196 188 186 174 176 198 214 246 244 245 237 205 198 199 215 247 260 243 229 197 196 197 201 201 219 267 269 244 236 266 268 296 305 296 300 312 321 331 335 342 342 344 341 333 316 296 319 357 356 342 343 346 332 339 347 354 343 340 328 332 316 336 342 326 306 280 268 238 233 235 243 257 262 292 310 362 389 432 443 463 448 424 408
386 367 327 308 295 282 265 252 256 252 235 225 186 179 175 175 194 209 241 251 266 247 212 231 218 203 246 265 249 234 198 197 211 230 216 207 225 234 233 250 306 307 334 335 324 328 333 336 341 347 347 347 357 362 366 357 347 348 359 367 370 371 365 362 347 343 359 363 359 351 339 329 321 324 317 315 263 254 243 239 234 236 271 292 321 330 350 363 373 382 406 421 426 416
354 341 309 274 274 281 255 234 252 249 235 219 184 179 175 177 202 221 253 256 259 237 224 247 218 206 248 272 261 251 200 198 218 247 245 225 228 227 245 268 314 322 345 345 336 338 340 344 343 348 351 345 348 357 370 369 364 363 361 365 374 376 371 371 357 351 355 362 365 362 349 340 317 310 306 313 266 254 244 240 234 236 271 295 347 363 356 340 345 356 383 400 405 403
272 259 285 263 229 252 251 228 219 219 185 181 174 172 189 215 237 245 261 256 252 241 254 251 218 214 241 256 254 236 205 200 215 239 283 286 287 274 233 238 280 286 317 334 334 324 314 322 313 318 335 328 323 328 343 343 354 361 374 373 373 378 382 383 376 370 358 360 362 360 351 346 333 313 287 288 272 258 243 240 236 241 264 283 340 347 333 318 306 316 361 376 351 362
245 229 248 246 200 233 241 222 202 196 169 170 170 171 194 220 237 240 265 271 257 245 252 237 225 223 234 246 264 237 214 203 200 217 251 270 285 291 252 236 255 262 299 325 318 308 303 307 308 310 328 323 316 317 326 329 336 344 363 366 361 368 384 387 381 375 353 358 349 346 347 337 337 325 291 279 264 254 242 239 237 240 259 278 331 330 322 304 295 311 368 365 329 336
189 181 176 182 172 186 195 188 172 168 173 174 177 174 179 189 216 235 267 279 264 259 257 266 249 243 270 280 279 273 224 221 203 203 207 220 238 254 296 290 264 244 294 304 308 311 326 322 325 327 316 321 320 327 324 326 326 326 329 329 332 339 355 366 388 381 340 340 339 323 318 325 318 317 281 273 262 248 242 240 238 238 245 256 281 285 314 292 294 318 327 319 298 302
168 162 162 163 164 165 168 169 166 171 175 178 185 181 176 182 211 224 262 269 263 269 266 270 258 251 292 298 294 278 252 241 207 204 206 214 236 256 285 306 277 253 282 284 326 321 343 337 329 336 320 332 322 333 335 339 339 342 338 342 332 334 343 352 390 382 344 331 329 324 308 312 310 303 273 262 255 249 243 240 241 239 240 245 257 265 287 275 291 313 298 294 281 290
178 187 194 193 188 179 167 167 171 182 183 184 192 197 198 182 189 193 226 239 255 262 280 280 283 278 286 305 327 308 283 286 234 219 207 207 249 257 250 265 267 297 284 295 349 342 364 354 328 346 333 336 337 344 368 370 367 380 380 379 348 342 350 366 390 381 332 323 321 312 307 299 293 284 281 276 268 271 244 241 246 251 244 242 245 246 253 256 267 258 258 259 264 269
213 219 223 219 208 197 168 174 181 181 189 190 197 205 212 194 197 204 204 218 243 245 259 265 285 289 287 302 339 324 283 297 252 231 209 208 225 232 234 234 265 290 311 321 356 357 367 357 332 350 347 344 355 353 381 386 385 393 393 388 357 348 348 363 387 386 342 325 314 309 302 297 289 283 301 296 295 285 245 242 247 254 250 246 243 244 248 251 250 249 250 253 258 260
206 220 224 225 212 200 186 189 191 188 201 204 212 221 230 213 193 225 236 215 217 242 250 245 268 289 302 325 361 356 312 299 305 277 231 216 211 211 212 213 225 246 276 295 331 355 374 367 347 347 363 368 358 350 365 366 373 388 399 401 376 384 369 384 394 386 347 330 326 317 306 299 292 291 310 313 290 277 245 243 248 258 267 268 255 252 248 248 257 275 300 301 270 268
194 206 219 227 221 212 200 201 202 199 208 215 226 234 234 218 201 226 250 239 241 268 272 268 249 276 313 334 368 358 316 310 330 296 233 223 221 219 216 215 231 267 289 282 350 360 381 378 363 358 352 354 353 346 353 354 368 378 393 400 397 401 378 396 399 385 354 339 337 327 309 301 290 302 324 316 283 263 246 244 250 254 274 282 268 260 269 258 263 275 319 331 288 287
175 186 212 225 243 244 225 228 231 230 223 226 255 257 249 233 201 195 238 260 265 255 289 310 284 269 285 318 371 377 347 324 326 286 242 253 265 249 238 242 219 219 238 269 315 297 322 352 384 371 343 340 356 351 366 371 364 362 385 398 410 414 412 409 391 373 365 353 327 321 318 314 301 300 295 292 265 257 247 246 254 257 277 294 298 292 279 280 292 298 338 361 346 338
177 187 214 228 250 253 240 244 249 246 245 232 257 265 259 249 215 200 223 245 283 277 302 321 304 287 276 295 354 382 365 341 317 301 262 282 292 267 263 261 245 227 224 253 283 271 308 341 383 381 348 336 366 365 369 381 385 382 383 393 409 414 415 412 390 375 361 352 337 328 311 305 305 311 292 281 264 256 248 247 264 266 272 290 284 286 276 280 295 302 344 361 372 357
179 189 216 236 264 270 266 265 274 273 266 262 256 271 285 279 251 232 206 222 282 305 318 349 347 330 329 343 326 336 363 370 377 361 307 306 320 289 307 303 291 266 229 223 224 235 290 316 307 315 314 348 380 374 358 356 373 390 395 402 412 412 404 406 392 385 367 358 335 329 319 330 328 325 297 275 259 255 252 248 256 259 261 265 270 267 273 284 305 320 365 367 364 356
178 181 206 225 260 273 276 276 283 283 276 277 279 278 302 296 238 214 206 234 272 309 328 354 372 356 351 371 333 350 381 390 387 381 332 308 330 316 335 321 313 290 237 249 233 229 262 281 273 278 307 336 345 355 354 346 365 372 371 385 402 398 389 392 390 382 371 362 342 329 327 337 342 331 281 271 257 257 258 250 252 252 256 258 264 264 276 289 314 336 364 374 360 361
196 198 197 199 226 250 277 284 291 294 293 298 313 318 336 324 244 237 262 284 297 335 367 357 373 395 393 387 350 375 428 435 430 436 366 330 357 381 403 387 361 326 263 310 271 248 238 232 239 241 245 259 303 324 311 343 341 337 321 332 360 362 371 385 401 395 367 373 354 348 340 332 329 320 278 268 282 292 269 252 264 281 273 262 262 265 275 281 314 349 376 387 374 369
204 213 219 217 213 233 258 268 283 285 293 300 320 333 352 339 267 247 258 289 323 353 400 394 364 386 404 408 364 367 418 439 453 454 382 338 376 405 438 423 388 348 290 333 295 278 267 262 265 276 254 244 273 287 285 313 334 312 297 304 329 334 369 387 404 399 383 382 359 346 331 326 321 310 275 298 310 300 263 253 270 281 283 273 263 266 272 277 318 354 375 391 383 384
213 231 263 256 241 252 261 266 281 290 295 294 325 344 374 380 325 292 246 283 378 388 437 449 411 393 428 438 413 422 398 435 474 454 383 365 420 440 465 435 373 340 338 378 364 353 305 333 326 340 335 316 259 247 278 270 316 290 315 334 339 365 369 366 399 410 391 378 357 340 328 322 316 306 329 349 335 313 259 256 264 264 266 269 273 267 276 282 304 328 371 393 394 392
214 234 269 273 264 273 282 283 293 298 304 299 321 343 366 369 339 303 247 291 391 423 457 469 432 418 441 451 424 441 408 412 469 443 414 386 447 466 461 426 366 341 368 371 403 393 327 362 369 378 368 344 287 256 282 263 275 270 334 350 363 375 389 380 392 410 393 386 375 359 343 328 330 313 346 372 317 296 265 257 276 279 275 274 280 274 275 282 317 341 388 403 388 395
215 228 262 281 295 298 303 303 307 307 311 314 314 321 342 346 321 283 282 324 402 439 485 485 468 471 463 489 479 490 480 454 461 480 451 423 461 481 469 440 405 417 447 444 453 435 395 411 449 441 395 369 313 306 277 312 307 300 297 337 388 402 421 417 402 416 409 403 387 368 325 319 346 333 355 357 317 291 292 278 262 270 295 296 285 294 275 281 316 353 368 391 375 389
202 213 256 272 290 294 301 303 305 301 313 317 321 323 334 339 320 284 287 330 405 427 472 485 487 493 480 506 494 510 509 477 477 491 476 450 465 487 469 435 424 447 475 478 469 460 436 454 464 451 423 390 340 303 283 300 330 304 304 339 373 385 419 427 424 422 418 412 396 378 328 336 354 347 359 352 316 293 311 282 266 272 290 298 298 303 279 280 310 343 349 373 364 381
177 191 227 245 257 269 265 275 279 300 316 315 312 318 332 337 314 293 277 312 385 408 439 444 499 512 533 542 520 514 532 519 490 510 510 477 498 517 474 446 475 481 493 506 503 510 481 451 425 412 398 381 379 354 295 275 315 281 307 307 364 372 400 400 407 405 419 429 395 370 345 341 347 354 369 356 341 332 296 271 268 275 295 312 309 299 287 289 287 303 307 320 339 366
187 186 226 234 244 249 257 257 273 288 305 301 316 324 336 334 301 283 283 319 370 392 410 436 475 500 541 550 537 539 553 549 498 517 522 493 515 536 486 454 496 493 495 519 513 517 473 463 434 427 410 411 376 344 282 280 325 291 323 301 350 367 377 380 390 394 404 422 412 400 363 347 345 354 370 362 351 343 284 274 269 282 310 326 319 313 293 296 307 296 314 325 332 365
216 233 239 237 252 277 292 294 274 272 278 286 325 333 340 330 290 265 323 341 369 374 395 408 430 453 504 524 568 579 607 591 554 541 571 552 567 559 513 502 512 523 516 525 529 509 520 501 458 439 413 396 356 317 281 307 338 310 321 347 321 324 336 342 360 373 404 420 440 413 375 379 363 359 384 374 355 330 306 292 275 302 326 330 348 344 337 318 341 315 329 373 345 351
218 242 273 268 244 277 306 308 295 290 293 284 317 330 345 339 290 268 329 350 355 359 399 423 452 475 511 522 567 594 630 609 578 557 597 575 588 574 532 512 522 540 543 554 537 524 530 505 462 440 415 402 362 334 293 322 354 324 307 346 353 333 344 356 389 390 396 406 441 421 392 390 371 361 387 375 355 355 318 296 272 299 342 345 346 359 350 329 354 340 322 356 368 350
219 216 284 309 304 292 284 289 319 325 326 314 308 330 351 354 297 271 306 319 368 367 424 450 464 469 513 532 574 604 660 659 619 601 614 603 619 584 543 530 543 565 578 581 556 551 540 517 482 451 362 330 305 302 310 345 360 331 300 329 381 371 338 358 401 415 415 423 464 454 413 397 370 369 372 372 366 347 336 304 275 294 354 362 372 372 374 371 397 376 339 352 383 363
232 229 283 310 327 316 299 289 310 328 335 328 311 334 351 345 288 278 327 343 366 380 413 433 450 467 501 521 570 603 658 666 644 630 630 615 626 590 567 544 558 583 567 559 547 531 530 510 451 430 368 328 325 337 346 372 370 340 306 328 373 374 349 354 395 407 412 434 472 463 410 396 380 368 371 375 360 343 332 310 273 278 337 351 372 362 390 397 408 395 349 363 382 365
245 233 271 302 347 351 314 309 299 320 348 344 315 332 359 354 313 313 311 351 391 403 448 455 488 501 535 553 578 583 611 635 670 679 659 651 646 634 610 592 590 608 559 539 516 506 467 444 389 387 334 330 337 386 425 413 343 315 354 385 383 389 377 358 364 374 420 441 479 485 439 419 380 374 379 378 373 347 338 341 296 273 316 347 350 337 365 395 435 415 384 387 403 397
267 251 254 282 333 352 326 319 306 317 352 348 325 335 362 367 334 330 309 353 403 418 443 463 484 498 540 560 602 613 603 625 669 687 684 681 663 665 627 621 607 607 551 529 497 491 449 426 420 410 335 325 353 393 433 400 333 330 392 407 396 406 389 375 363 383 422 428 463 482 452 422 385 376 381 384 377 353 359 341 294 279 310 338 342 328 357 385 441 419 385 384 395 397
297 296 257 250 272 276 312 336 339 348 363 353 346 359 363 375 343 317 309 334 354 355 394 442 486 505 548 563 605 622 632 642 671 686 714 721 703 705 679 661 597 566 530 518 512 493 446 421 399 385 323 343 413 446 420 388 334 377 416 423 428 435 415 406 392 382 400 418 453 466 462 443 395 383 397 400 408 399 370 350 318 286 277 296 317 314 342 368 434 443 398 402 402 399
311 315 289 275 261 266 288 311 352 367 376 362 347 360 369 376 360 335 330 357 392 386 383 413 471 483 536 561 606 614 634 643 663 679 716 731 727 722 698 664 591 571 543 540 498 468 424 403 359 355 327 352 417 451 405 370 354 391 420 419 418 421 411 416 412 398 399 416 441 455 446 438 391 394 413 413 423 410 350 342 301 291 284 282 304 323 345 363 421 448 409 404 407 399
337 351 342 331 343 340 298 275 341 381 403 387 364 380 387 391 387 359 314 339 395 426 439 429 431 456 510 534 567 580 618 632 674 699 737 755 775 747 679 645 630 613 566 526 469 462 441 426 380 359 344 374 430 441 393 367 353 364 380 372 386 388 381 391 399 402 406 423 440 453 432 411 432 417 414 412 400 402 341 317 309 338 323 291 306 330 360 375 435 456 428 415 415 400
351 369 367 348 363 369 321 289 345 378 409 394 367 386 394 400 381 353 318 359 408 424 459 461 454 464 493 504 558 574 618 640 681 703 742 761 781 748 680 665 641 606 552 532 479 460 419 418 382 363 341 380 443 438 409 393 354 356 354 356 360 369 373 384 387 389 399 418 436 441 442 432 450 439 395 393 376 373 324 306 329 354 335 307 292 315 339 361 419 446 434 420 413 411
389 400 393 396 404 397 369 358 343 374 391 397 402 403 409 409 375 371 321 357 416 447 489 492 509 527 542 532 524 545 594 626 698 719 746 763 797 763 679 637 589 580 509 473 416 406 381 369 355 346 351 383 461 463 447 419 407 412 398 372 388 396 372 373 374 379 385 390 402 410 445 471 468 440 393 383 365 355 358 372 369 352 346 335 296 327 352 364 385 410 453 438 425 435
400 417 414 428 434 423 393 388 365 376 387 390 390 395 410 416 404 394 323 353 420 455 504 515 536 543 570 564 548 548 594 618 700 723 749 765 799 766 679 639 569 545 488 456 435 419 409 393 376 373 343 383 457 473 442 424 434 425 401 369 394 403 396 378 378 387 395 405 402 415 465 480 466 445 406 393 368 383 383 387 365 333 328 320 294 328 333 341 377 405 447 450 427 441
456 458 471 480 491 483 442 415 385 384 388 400 414 423 433 429 416 399 339 349 407 443 485 507 553 566 600 611 620 611 598 614 674 706 753 769 800 784 695 650 566 526 504 495 482 478 457 449 415 391 349 378 458 477 460 450 440 414 376 389 404 408 433 421 374 373 403 423 416 417 432 443 419 429 407 389 384 401 404 401 349 326 295 309 331 305 331 348 359 384 431 442 444 447
488 485 497 509 497 481 444 428 416 418 379 401 416 424 437 431 410 383 350 374 396 413 477 501 566 585 618 636 651 646 634 638 651 683 740 766 797 781 682 639 562 551 538 527 515 501 488 470 418 388 352 379 462 480 470 459 436 408 384 403 408 413 424 423 375 375 402 416 410 416 427 442 414 406 407 388 388 398 405 402 357 345 304 303 337 313 332 345 363 384 415 423 443 429
515 535 553 552 525 518 484 483 483 468 400 383 397 396 420 426 417 393 375 406 436 453 517 543 585 608 656 682 716 707 693 697 671 684 750 772 784 770 687 637 619 602 614 593 556 519 458 435 403 387 367 406 483 485 468 461 403 390 409 417 411 416 400 392 405 389 381 391 404 401 409 430 429 410 395 394 388 397 417 415 355 329 301 325 360 336 318 319 334 350 384 412 400 411
