data/landfire/SLPP2020.asc
ncols        216
nrows        218
xllcorner    -1940985.000000000000
yllcorner    1261215.000000000000
cellsize     90.000000000000
NODATA_value -9999
[rows 118 to 176 of 218, columns 0 to 95 of 216]
1 0 2 7 4 3 5 5 5 4 4 4 4 4 8 5 4 3 3 6 7 14 13 13 13 9 24 18 9 9 6 3 17 15 6 8 4 4 1 1 1 1 2 5 13 15 26 29 27 28 23 22 33 31 26 22 5 9 25 23 17 25 50 51 43 45 36 18 39 48 20 22 38 43 39 37 18 7 15 9 26 44 57 59 41 29 42 50 49 41 40 49 49 45 69 42
0 3 1 6 3 6 5 5 4 5 5 6 6 6 6 3 5 6 6 6 4 3 5 12 14 11 5 17 8 8 7 7 7 3 6 5 5 8 3 2 1 0 1 0 7 12 21 22 17 19 23 22 38 46 45 41 25 21 18 21 22 11 53 55 48 39 55 53 51 20 41 40 36 33 55 51 49 28 21 14 39 41 53 47 48 30 28 43 41 23 33 39 64 40 49 63
2 1 1 7 3 4 5 7 8 6 4 5 5 7 7 7 7 7 7 6 4 3 3 6 12 13 7 7 6 6 9 9 7 5 5 13 7 6 15 14 0 0 0 1 1 7 17 20 24 21 25 27 32 40 42 42 22 30 41 52 32 38 14 36 32 43 47 35 34 33 38 34 41 40 53 49 44 53 19 30 31 50 53 50 44 36 28 53 55 31 43 39 41 65 45 51
5 4 3 3 3 2 5 5 5 4 3 4 4 6 6 7 6 6 6 6 3 4 4 3 8 14 23 20 2 7 10 11 15 14 11 6 1 0 3 7 6 10 5 2 1 4 9 12 18 22 25 26 28 26 40 44 48 57 55 44 51 49 52 38 25 48 32 63 33 46 31 1 25 37 18 27 36 20 53 55 45 47 51 53 50 51 53 54 17 42 53 61 62 62 17 28
1 3 5 4 3 2 4 7 4 3 2 4 4 4 6 7 6 5 4 3 2 2 3 4 4 6 13 16 8 8 10 1 11 9 12 9 1 1 5 8 1 8 4 1 2 4 5 5 12 15 21 15 19 27 31 36 51 51 44 44 48 48 55 56 22 19 40 48 42 51 35 43 17 43 33 36 31 35 54 51 37 60 59 69 67 27 57 64 44 60 53 64 28 42 53 59
1 1 3 3 3 3 6 5 0 1 2 3 2 4 4 4 3 2 1 3 4 3 4 4 6 3 10 11 13 9 2 3 15 9 13 4 1 1 10 5 1 10 1 1 1 0 7 11 5 8 20 22 22 24 27 33 34 21 30 44 49 47 52 39 39 39 48 54 44 54 40 45 50 25 35 58 70 65 28 50 19 14 50 65 60 61 60 21 62 43 26 35 50 46 39 15
1 1 2 2 3 2 8 17 1 9 14 3 1 0 1 1 1 2 4 4 5 4 3 5 6 2 8 9 13 11 14 15 13 14 10 1 2 0 10 3 1 10 2 1 0 0 2 4 11 11 12 22 22 22 29 29 13 18 38 41 35 28 47 51 53 46 35 43 52 63 51 50 46 32 47 37 6 40 58 45 53 47 43 51 71 77 24 53 55 53 48 44 44 31 29 35
2 3 2 2 1 4 20 2 9 10 20 2 3 1 3 6 7 7 3 3 4 2 3 4 5 5 3 8 9 8 2 3 1 1 14 10 6 6 2 4 4 4 9 10 13 14 3 7 9 6 8 11 12 10 7 16 12 17 35 38 32 36 59 55 59 51 17 27 32 58 44 55 46 42 57 65 62 65 51 46 46 36 66 40 48 48 43 51 42 34 8 24 26 41 31 43
2 2 2 2 5 9 11 15 15 2 7 3 1 1 4 8 2 0 1 2 5 4 6 5 4 4 2 7 4 7 2 3 1 4 11 10 10 7 1 4 2 2 1 3 2 2 6 6 2 6 9 4 7 7 8 13 14 18 33 43 48 47 24 48 61 58 6 14 13 36 37 52 54 36 50 62 53 52 58 54 64 51 40 59 21 37 46 39 20 5 29 29 10 10 26 52
1 2 5 4 7 1 14 6 15 20 8 1 1 2 7 6 3 1 0 4 3 4 4 2 2 2 6 6 4 1 3 3 1 15 8 7 6 6 5 7 3 6 6 2 1 1 5 5 20 17 11 11 11 16 12 13 26 18 15 21 42 49 53 52 25 12 24 16 14 18 17 35 57 53 43 31 49 53 24 31 40 44 47 38 46 57 32 6 24 15 15 12 28 39 35 45
1 3 5 4 4 7 6 9 18 16 11 21 13 5 9 4 2 3 1 8 5 4 5 2 2 2 3 5 3 1 3 3 2 13 7 7 5 9 5 8 6 5 7 12 1 1 5 7 22 17 24 16 10 17 32 24 24 31 32 32 33 40 38 33 28 30 34 32 36 41 26 13 49 59 49 34 39 36 21 25 28 39 54 46 38 44 38 30 18 19 40 38 40 34 49 38
2 3 5 4 2 2 2 1 7 3 2 12 19 11 4 4 2 2 3 9 3 3 3 3 3 2 0 2 3 2 5 4 8 6 13 15 14 11 3 8 10 6 10 5 2 2 3 13 21 15 14 11 26 15 17 26 28 6 16 20 33 42 48 55 61 57 33 38 45 35 44 35 16 20 35 42 44 36 13 4 11 35 47 58 59 56 43 37 43 39 22 41 26 35 51 52
1 2 4 5 3 1 2 2 4 7 1 2 4 8 6 6 5 4 3 8 4 4 5 3 0 1 2 2 3 2 2 2 3 5 3 2 5 8 5 4 10 7 9 3 3 1 5 8 23 20 31 28 24 28 28 21 37 21 18 26 28 30 46 55 39 53 27 30 40 18 38 34 24 19 18 17 23 34 5 9 16 19 38 51 54 48 57 39 49 46 17 41 35 45 53 53
1 1 3 4 4 3 3 3 3 5 2 2 3 4 3 1 0 1 12 5 1 7 4 1 2 5 3 0 1 1 1 2 2 3 4 4 5 10 3 8 2 8 6 7 14 11 7 9 10 9 32 41 22 19 10 6 25 17 13 10 26 30 28 25 40 22 20 29 39 39 34 30 29 24 28 28 43 54 57 54 26 29 21 29 37 45 28 38 33 52 28 34 25 37 52 41
2 1 2 3 4 4 2 1 4 10 5 4 3 6 2 1 1 1 14 2 3 6 1 1 1 7 1 3 1 1 2 2 5 3 3 4 4 10 3 9 7 6 8 4 6 17 20 24 15 21 28 36 26 12 11 20 20 25 20 22 24 22 23 40 31 40 30 49 54 46 50 44 39 35 53 52 51 56 53 33 47 36 23 20 45 37 31 34 32 50 41 38 37 33 57 41
1 2 1 1 3 4 4 4 4 4 5 8 5 4 0 0 4 1 7 1 5 3 4 8 6 11 4 4 2 2 2 2 7 7 4 5 6 8 3 6 9 6 9 2 13 22 16 10 7 15 20 30 41 29 25 38 19 26 27 26 19 29 44 17 42 41 56 57 61 61 35 52 51 47 44 43 24 30 33 41 37 26 24 28 35 45 35 25 39 27 33 52 36 41 55 36
1 1 1 2 2 1 2 6 5 2 2 3 2 1 2 2 6 6 2 1 5 2 3 9 5 10 5 5 2 2 2 3 8 5 5 7 7 7 3 6 6 7 6 4 11 19 23 18 10 23 28 31 41 25 31 41 16 19 24 31 15 23 38 20 29 32 45 27 53 58 64 66 62 51 43 22 29 34 31 36 34 17 32 36 39 34 30 27 36 39 35 50 53 43 50 32
2 1 1 1 0 0 3 6 3 2 7 3 2 3 4 3 1 3 2 1 5 8 9 9 4 8 6 3 2 2 2 5 6 7 5 7 4 3 4 7 6 6 4 5 6 8 19 23 13 8 23 32 28 18 39 23 11 10 32 31 28 37 17 22 18 22 21 42 39 40 39 46 65 65 30 28 19 32 53 59 41 45 18 32 31 16 24 9 10 17 15 24 30 34 26 20
2 2 1 1 1 2 4 5 3 1 4 3 2 1 3 2 3 1 2 1 3 4 10 9 1 7 6 3 2 2 2 8 5 4 6 6 4 2 6 3 6 3 4 4 3 6 11 14 15 5 27 31 30 20 35 22 22 16 36 13 14 40 18 32 18 17 27 38 56 60 47 54 28 31 23 31 38 47 42 29 40 44 34 27 30 35 12 22 33 29 12 11 23 17 13 4
2 2 2 1 1 1 3 4 1 0 2 3 11 5 3 1 2 2 1 2 9 7 3 2 2 2 2 4 12 15 9 13 3 3 7 4 4 2 7 5 5 5 5 7 4 5 5 10 17 13 17 25 10 29 30 27 28 23 25 7 25 32 17 28 13 30 28 26 20 38 53 60 22 11 12 17 32 26 28 29 37 25 40 31 33 31 6 43 36 25 27 20 6 18 23 32
1 2 2 2 1 1 4 3 0 1 3 3 7 13 1 2 2 2 1 2 2 4 3 3 1 2 2 2 2 3 7 12 4 3 4 5 4 1 8 5 4 6 2 9 2 8 5 7 11 11 18 25 11 26 29 19 22 20 20 7 23 33 17 28 28 26 13 20 19 35 44 51 40 12 7 17 36 32 31 37 30 26 17 21 23 41 9 56 55 52 43 26 18 28 40 36
1 1 0 2 2 3 4 8 5 4 3 3 5 13 5 5 2 2 10 12 5 5 1 3 1 1 1 1 1 1 5 8 4 3 3 3 2 2 9 6 7 6 5 7 2 6 2 5 6 7 12 17 24 15 19 7 16 13 12 9 15 24 29 7 16 17 22 24 29 38 44 50 44 40 14 24 31 27 22 13 34 31 39 39 37 34 36 52 28 42 56 46 26 47 47 38
2 2 1 2 2 2 4 9 3 7 3 5 8 7 5 4 6 5 8 3 3 3 8 12 5 3 1 1 1 1 10 5 3 3 3 2 2 2 8 5 8 5 5 5 2 5 3 4 6 7 11 12 21 20 17 8 12 10 9 12 21 17 30 23 20 28 27 28 17 19 31 35 38 46 24 26 25 23 30 36 56 54 31 19 22 9 29 34 16 45 63 60 27 39 46 42
0 0 4 1 1 1 2 3 7 1 2 3 2 2 3 3 3 5 3 3 3 4 5 1 4 3 4 5 10 5 12 5 4 4 3 2 2 1 6 4 6 2 6 3 5 2 7 5 4 7 7 10 3 7 6 5 6 5 6 11 15 14 7 10 23 31 32 33 39 34 24 21 34 32 43 44 42 30 39 64 69 52 48 21 19 28 17 14 46 16 42 45 39 41 41 34
1 1 4 1 0 1 3 3 3 2 1 1 5 2 3 3 4 5 2 3 3 4 2 2 3 2 3 3 6 13 6 4 3 4 3 3 1 1 4 4 6 3 4 4 5 4 12 2 4 6 9 8 8 12 4 4 5 6 4 6 12 13 16 13 17 27 27 45 59 52 44 42 39 32 26 40 51 42 64 69 73 77 39 30 31 43 29 23 65 28 50 49 43 52 41 33
1 0 3 1 1 1 3 1 3 3 2 2 4 2 3 3 2 3 4 4 1 1 1 1 4 2 2 6 4 3 2 2 3 4 3 2 1 1 3 3 3 3 4 4 5 5 6 4 5 7 2 5 12 12 4 6 12 8 4 4 6 17 14 13 13 26 28 41 42 25 31 29 3 21 51 39 31 48 43 36 71 64 49 47 51 53 38 32 59 52 52 69 18 33 29 35
0 1 2 1 0 1 2 1 2 2 2 2 1 2 3 1 1 1 2 2 4 5 4 1 1 4 7 5 3 2 2 3 3 3 2 1 1 1 1 3 3 2 3 4 5 5 7 4 5 8 2 4 9 5 9 8 4 4 4 4 18 5 10 7 15 31 37 40 38 23 30 24 19 39 33 49 30 56 30 22 59 66 49 48 60 45 40 35 57 58 53 69 18 20 36 58
1 3 4 5 3 2 1 4 2 3 1 2 1 1 5 2 1 1 3 1 2 1 0 2 1 2 10 2 3 2 2 2 2 2 1 1 1 1 2 8 3 0 3 3 5 5 3 6 4 9 4 10 4 12 3 3 3 3 3 10 5 11 16 9 29 37 34 22 27 37 43 44 35 43 43 34 50 43 50 38 30 36 46 45 53 40 32 29 46 28 52 46 26 32 54 62
1 2 3 2 2 2 2 2 1 1 1 2 1 1 3 3 4 2 4 1 2 0 1 2 5 8 6 1 1 2 2 1 2 1 1 1 2 4 8 6 4 3 2 3 4 4 2 5 5 9 7 12 9 9 3 4 3 3 4 14 4 4 8 15 27 37 33 25 32 40 43 43 33 49 49 38 39 26 49 46 31 36 53 61 36 44 21 21 40 12 48 50 31 41 63 55
3 2 3 3 1 2 1 1 1 0 1 1 1 2 1 1 1 1 1 3 2 4 7 5 3 3 3 2 2 2 2 2 1 1 1 1 5 3 4 10 3 3 1 7 2 2 3 4 3 4 4 9 6 3 3 3 3 4 12 18 20 26 27 22 23 28 40 43 54 32 32 40 44 50 45 26 13 30 31 31 34 38 47 30 55 35 7 15 37 30 39 52 42 8 51 51
3 3 3 4 2 1 1 1 1 1 1 1 1 2 1 0 1 1 1 1 1 2 1 2 2 5 3 1 1 1 1 1 0 0 1 1 5 1 5 7 3 3 3 7 2 2 3 4 4 3 9 7 3 3 3 3 3 9 13 23 19 20 28 30 8 19 33 35 25 41 27 35 42 49 52 32 36 25 26 33 22 21 24 44 60 53 26 12 38 47 16 44 49 37 22 53
1 5 8 4 2 3 6 3 2 1 2 2 8 3 1 1 0 1 1 1 1 1 0 1 1 1 3 2 1 1 1 1 1 2 1 2 6 6 3 6 2 3 4 5 1 2 2 3 5 8 5 3 3 3 4 4 11 13 14 20 25 26 8 23 30 17 16 16 30 29 29 35 25 31 32 48 28 24 24 27 29 44 45 55 40 29 44 44 27 43 52 27 48 46 34 38
4 3 4 5 2 2 2 1 1 1 1 2 8 7 1 1 1 1 2 2 2 1 1 1 2 1 1 1 0 2 2 2 0 0 2 2 1 1 4 5 2 1 4 5 2 3 5 7 6 6 3 3 3 3 2 4 19 6 8 14 26 26 21 4 33 29 14 13 27 26 22 28 22 30 32 46 34 42 38 19 46 33 42 52 51 50 34 38 22 39 54 49 53 51 19 23
4 4 3 2 3 5 5 4 2 1 1 3 3 5 3 2 5 4 2 2 1 1 3 3 2 3 2 1 2 1 2 1 2 2 2 1 1 1 3 1 2 1 1 2 2 3 10 3 2 2 2 2 2 3 3 3 13 10 6 9 19 20 27 24 27 29 11 9 12 11 21 23 9 17 31 30 45 28 33 57 53 40 40 40 46 40 51 59 19 14 45 55 43 15 68 37
3 3 3 6 2 4 1 1 1 2 4 6 4 1 2 4 6 3 1 2 2 3 2 2 2 2 2 1 2 1 3 2 1 2 4 0 3 3 3 1 3 1 2 1 2 5 11 1 0 2 2 2 2 3 3 5 3 10 4 7 16 18 22 25 19 31 17 4 5 13 7 15 10 14 18 36 20 34 52 45 64 39 37 45 48 48 51 48 23 12 43 40 63 59 58 70
2 3 3 3 3 4 2 4 5 4 3 7 8 2 3 1 1 1 2 4 1 1 2 2 1 1 2 1 2 2 5 4 3 0 2 2 3 3 1 2 2 2 3 3 5 6 4 3 1 1 2 2 3 1 4 15 10 7 3 4 10 16 19 22 14 24 20 7 8 6 11 13 12 20 20 24 30 37 36 60 42 33 52 46 50 56 47 30 14 7 28 36 54 54 50 11
1 9 6 7 5 4 3 8 4 2 3 3 5 3 5 5 3 5 5 6 3 2 2 2 1 2 3 1 3 2 3 6 2 0 2 1 2 2 2 2 3 3 3 2 7 7 0 3 3 1 1 1 1 3 8 14 13 4 2 4 9 15 17 17 17 18 23 4 6 5 7 12 18 23 24 27 42 23 37 41 48 33 35 23 42 46 50 36 4 16 13 28 52 58 59 58
15 6 10 8 1 3 3 2 4 3 2 7 2 1 2 2 4 4 10 6 1 1 3 2 3 2 2 3 3 2 3 2 2 2 2 3 22 18 11 14 5 10 6 5 7 5 6 5 1 1 2 2 2 3 10 5 8 2 0 2 6 8 15 15 16 22 11 16 7 8 4 6 13 16 29 15 38 45 40 46 34 24 38 35 37 42 39 32 17 43 50 29 19 35 66 69
16 4 5 8 7 6 2 4 1 4 7 7 4 2 1 1 3 1 3 0 2 2 5 4 4 4 0 4 7 8 3 3 2 3 3 2 1 4 8 7 7 11 7 3 6 6 6 7 1 0 3 2 3 6 5 13 4 2 1 1 5 6 13 15 17 20 5 16 4 7 6 4 7 12 25 36 32 30 23 30 33 32 41 42 29 39 32 27 23 43 49 51 21 18 52 62
9 4 0 2 2 3 5 4 3 1 2 4 3 1 3 2 3 3 2 4 1 3 1 1 2 1 2 4 5 1 4 2 0 2 2 8 6 1 1 1 3 3 2 4 2 5 9 4 5 2 4 1 5 8 10 13 1 2 6 6 3 0 5 8 15 21 14 10 11 27 12 13 8 11 21 30 33 30 27 13 19 34 40 42 44 40 47 45 31 52 36 62 50 38 27 26
1 2 5 3 4 2 3 4 2 3 1 1 3 2 1 2 4 5 10 5 4 3 2 1 2 2 2 3 5 2 4 2 3 4 3 6 4 2 2 3 5 3 1 5 5 7 8 2 2 3 1 4 9 12 10 7 2 2 7 4 1 3 6 11 18 15 13 10 28 33 18 11 20 19 15 22 34 30 29 19 18 22 39 45 49 48 43 46 33 55 32 56 52 40 47 44
3 1 2 1 4 1 2 5 8 8 7 8 4 3 4 3 4 4 6 2 2 1 2 3 2 4 4 8 2 4 2 2 8 3 8 6 4 5 9 12 5 7 12 14 7 2 3 3 2 3 1 6 10 6 2 4 4 5 4 4 8 12 25 28 10 24 10 8 35 11 33 32 17 12 16 7 34 40 30 27 19 17 7 14 42 45 44 38 33 48 30 57 64 46 69 65
1 0 1 2 4 4 0 1 7 8 2 3 5 6 7 7 7 5 5 4 2 3 4 1 1 3 10 11 5 5 1 3 2 6 10 2 5 2 17 13 1 11 5 19 5 3 4 2 1 3 6 10 9 13 3 3 6 1 2 2 17 29 22 3 29 17 6 26 9 34 21 20 11 8 17 17 32 40 32 28 18 6 8 9 34 50 48 43 27 38 46 51 73 52 56 66
1 3 3 3 4 3 3 4 2 6 3 2 5 6 3 4 3 3 9 5 5 3 3 6 6 9 5 5 3 7 5 5 4 5 4 6 6 6 6 1 1 7 14 9 8 9 0 2 2 0 6 18 11 14 7 5 2 5 2 11 38 10 29 15 4 0 18 36 38 25 18 15 7 4 9 15 14 30 33 34 32 24 30 41 37 36 44 45 24 16 52 73 54 72 72 57
2 4 2 1 1 2 4 3 5 1 6 5 4 2 3 2 3 2 6 4 7 5 2 2 0 7 4 4 1 3 1 1 1 3 1 3 2 3 3 3 8 5 13 6 12 7 1 2 3 1 7 21 21 14 2 5 1 3 5 17 28 22 18 4 3 1 20 38 38 21 19 14 7 4 2 5 11 18 27 30 30 31 38 41 38 31 41 47 37 30 49 63 39 71 61 74
2 1 5 7 3 3 5 2 2 7 4 4 2 3 2 5 6 3 3 3 4 4 3 4 7 6 2 2 5 6 2 3 6 5 3 2 4 2 3 5 3 9 16 6 12 7 3 2 5 6 24 26 21 8 5 1 3 10 20 21 23 27 15 14 5 2 30 33 32 21 20 13 14 7 3 4 7 15 21 26 32 29 36 27 29 33 38 36 36 35 28 47 64 34 83 73
3 2 5 4 1 3 3 4 6 2 1 4 1 1 1 5 9 5 5 3 3 6 6 4 4 8 4 2 4 3 4 4 3 6 2 1 2 3 2 2 11 28 14 10 9 7 3 5 5 7 30 12 18 4 10 11 25 28 26 24 15 27 32 28 14 8 34 30 31 22 20 17 12 9 6 5 8 15 28 32 29 27 41 22 25 29 43 38 38 35 30 40 61 52 35 4
7 2 5 6 5 5 4 2 2 5 1 2 4 2 4 6 6 8 3 2 5 3 3 2 5 6 3 5 3 4 3 3 0 8 8 8 4 5 6 6 19 26 18 37 2 9 5 7 17 23 8 13 22 21 18 18 20 23 19 14 12 15 21 24 36 33 29 31 31 23 18 16 9 14 14 9 19 23 29 25 25 29 34 24 32 28 35 38 37 38 29 26 38 40 51 7
3 3 3 3 5 9 7 5 2 2 8 4 4 2 1 3 5 4 1 2 1 2 4 4 8 4 3 3 3 3 4 4 7 5 2 1 6 2 4 6 13 27 24 21 19 13 11 15 21 15 6 10 18 20 25 26 29 26 13 10 4 5 11 16 26 32 26 30 28 30 19 12 14 22 18 9 15 17 16 14 14 19 27 27 33 28 28 32 34 38 30 23 29 40 50 4
1 2 3 2 21 16 4 3 2 3 4 2 1 1 2 4 2 8 3 3 2 2 5 3 4 4 4 2 7 3 1 2 7 3 5 9 5 4 5 6 17 22 28 29 8 8 9 9 4 6 7 3 12 10 6 6 7 8 4 8 4 4 2 2 6 9 15 14 21 30 18 19 24 14 24 17 7 9 7 28 8 8 16 6 27 22 24 28 24 28 30 28 28 32 37 41
6 10 26 26 7 21 4 4 3 3 2 1 2 1 2 2 8 3 4 7 4 3 5 4 1 4 9 4 3 4 2 3 10 7 6 9 5 4 6 4 23 17 4 35 8 7 5 5 4 5 5 4 7 7 5 5 5 7 5 9 2 3 2 1 3 4 7 17 22 29 17 22 24 17 26 25 14 12 14 24 12 7 16 17 21 17 19 25 25 27 29 28 31 30 28 28
4 4 15 28 28 11 6 2 2 3 2 5 6 6 9 12 9 9 3 5 7 6 9 10 6 4 6 8 11 3 8 15 17 14 5 6 5 3 19 18 27 16 6 27 11 5 4 2 5 12 3 6 8 3 5 4 6 2 6 8 14 18 7 5 1 2 4 7 19 29 27 23 14 14 20 25 24 18 15 21 18 16 11 24 19 15 21 25 29 31 29 30 30 29 25 30
2 3 9 29 28 24 7 2 2 1 5 4 6 8 11 13 2 11 4 3 2 8 14 5 16 16 12 11 7 3 9 28 11 17 3 7 14 17 23 15 19 6 8 14 9 1 4 4 7 7 3 7 5 7 4 2 6 3 6 5 19 25 9 10 8 4 7 6 8 16 22 20 19 18 21 22 33 35 16 23 24 24 5 25 16 16 19 20 20 22 23 23 22 24 30 40
1 3 10 17 11 35 6 3 3 5 9 11 7 6 9 9 9 6 4 2 7 11 6 6 4 10 11 5 4 6 20 25 33 3 11 12 14 16 5 7 3 7 14 9 11 1 7 9 2 3 7 9 4 5 5 6 3 4 8 7 3 3 5 7 5 8 10 12 5 4 8 10 9 8 10 13 20 18 18 19 17 17 35 31 22 23 19 22 21 22 15 19 27 33 44 25
3 2 2 5 25 21 21 10 7 9 14 14 8 7 10 11 16 5 6 6 5 5 8 8 8 1 12 4 6 7 20 23 37 18 15 10 12 0 12 9 6 7 17 12 14 9 8 3 9 8 5 8 1 5 5 3 7 8 7 4 3 4 6 5 9 7 5 9 7 5 6 8 13 11 9 9 11 12 13 15 20 22 16 18 27 21 15 18 21 23 28 26 37 45 13 9
2 1 1 1 28 35 25 32 18 13 4 1 2 1 12 13 14 7 1 3 2 3 4 3 0 7 7 10 9 5 9 27 10 17 19 18 6 9 7 4 2 6 25 15 15 31 7 7 2 4 6 4 13 12 5 4 5 6 4 3 6 4 1 2 2 3 3 4 14 14 14 9 4 5 11 12 13 14 15 16 17 15 16 13 7 8 15 14 10 12 23 18 16 18 23 18
3 2 2 1 9 37 6 23 17 14 4 5 3 4 14 15 15 8 4 3 5 6 8 5 3 7 11 3 2 4 7 14 11 11 3 2 6 7 24 35 36 24 11 16 9 17 12 11 12 9 15 21 12 7 5 5 5 5 3 4 5 1 1 1 1 1 0 1 2 5 15 21 18 13 13 14 16 17 13 12 9 6 7 8 6 6 7 9 21 30 19 24 20 7 14 6
2 3 2 10 24 25 20 6 13 15 14 15 16 15 13 30 19 33 3 4 6 15 21 13 4 4 20 22 11 17 21 21 4 13 1 2 16 36 9 3 1 1 16 18 3 8 10 7 3 11 4 4 1 4 8 8 2 3 3 2 0 1 2 1 1 0 1 1 1 1 1 1 2 1 2 4 7 4 7 10 16 13 11 16 16 20 19 21 3 1 1 9 20 12 9 12
5 4 19 26 26 23 13 9 11 15 17 17 18 25 35 33 16 38 29 13 12 26 28 16 13 16 13 12 18 3 4 10 4 8 3 2 18 41 0 1 2 1 1 5 2 11 15 6 8 14 11 5 5 3 5 6 2 1 1 0 0 0 2 2 2 2 4 3 3 2 3 3 2 2 4 3 2 2 1 1 9 10 13 11 12 7 2 3 1 1 9 16 12 9 11 19
