data/landfire/SLPP2020.asc
ncols        216
nrows        218
xllcorner    -1940985.000000000000
yllcorner    1261215.000000000000
cellsize     90.000000000000
NODATA_value -9999
[rows 0 to 58 of 218, columns 0 to 95 of 216]
-9999 -9999 -9999 -9999 -9999 -9999 -9999 -9999 -9999 -9999 -9999 -9999 -9999 -9999 -9999 -9999 -9999 -9999 -9999 -9999 -9999 -9999 -9999 -9999 -9999 -9999 -9999 -9999 -9999 -9999 -9999 -9999 -9999 -9999 -9999 -9999 -9999 -9999 -9999 -9999 -9999 -9999 -9999 -9999 -9999 -9999 -9999 -9999 -9999 -9999 -9999 -9999 -9999 -9999 -9999 -9999 -9999 -9999 -9999 -9999 -9999 -9999 -9999 -9999 -9999 -9999 -9999 -9999 -9999 -9999 -9999 -9999 -9999 -9999 -9999 -9999 -9999 -9999 -9999 -9999 -9999 -9999 -9999 -9999 -9999 -9999 -9999 -9999 -9999 -9999 -9999 -9999 -9999 -9999 -9999 -9999
5 13 7 1 10 15 11 8 12 17 2 9 44 40 28 18 4 4 2 3 9 10 3 5 7 8 8 16 10 11 16 16 30 30 13 10 15 22 17 9 9 23 6 1 6 16 3 19 3 4 8 11 17 13 19 22 15 15 15 4 9 4 4 2 3 3 7 11 19 23 20 33 32 30 23 10 15 18 19 21 15 23 22 15 23 21 27 24 37 37 49 58 57 63 47 51
7 5 4 2 5 6 16 20 8 4 8 15 44 43 36 12 7 8 4 7 7 9 10 11 12 9 9 12 8 8 3 7 28 29 3 16 22 26 17 13 8 21 10 14 9 15 21 8 3 2 9 10 17 16 17 22 11 22 14 7 3 2 4 3 2 3 6 10 14 7 33 28 24 23 10 5 18 21 6 5 17 14 30 35 7 39 9 20 51 55 31 39 20 35 37 45
22 7 5 5 9 3 16 13 8 14 8 5 8 12 1 16 7 5 7 2 10 6 9 8 10 6 6 5 5 8 5 15 24 26 8 22 17 16 21 16 15 20 9 7 23 5 7 4 3 4 10 7 14 21 10 9 3 4 4 4 1 2 4 4 2 3 7 6 9 16 32 24 31 26 16 22 17 11 26 21 29 36 49 41 43 52 40 38 50 48 53 53 37 41 36 19
29 16 8 5 8 3 13 6 12 10 10 11 8 11 6 9 4 7 8 2 6 19 10 2 4 12 12 9 1 2 10 4 28 24 19 30 11 5 11 15 9 17 9 11 11 18 5 5 12 2 10 13 5 8 28 14 3 3 3 1 2 2 2 3 5 9 5 2 7 11 32 32 27 25 25 30 19 6 23 16 22 28 44 42 49 58 50 29 34 48 25 55 53 56 26 21
4 22 6 14 12 13 32 4 1 6 5 1 4 13 6 1 3 6 8 2 1 9 11 6 14 11 13 16 2 1 9 5 24 18 30 28 14 1 16 4 22 15 13 11 16 8 12 5 13 6 10 13 16 29 32 16 4 3 1 1 2 4 3 3 8 7 8 8 13 13 8 11 31 33 13 18 27 23 36 31 23 37 43 41 43 43 37 44 37 41 47 30 48 39 22 30
10 10 6 5 9 10 24 2 1 5 11 4 12 6 4 1 6 9 7 17 21 20 6 8 5 5 13 23 3 8 12 3 20 15 31 26 11 4 6 7 24 7 2 11 10 3 9 15 11 2 13 12 26 15 18 10 2 1 1 4 3 5 4 6 15 20 11 13 14 12 15 16 17 23 21 26 23 32 32 34 27 32 24 20 17 19 22 37 49 43 36 43 37 27 22 35
6 25 19 3 11 7 19 2 1 2 4 3 3 5 0 12 9 8 7 8 1 4 3 6 2 12 8 18 8 6 11 20 5 17 19 7 9 10 11 15 9 13 14 6 9 15 14 14 10 3 12 18 14 8 0 1 3 4 12 8 5 7 7 11 25 12 26 26 18 14 9 10 33 23 26 41 26 30 32 6 49 54 37 40 42 38 38 30 25 32 29 32 23 14 44 36
16 4 2 1 3 5 13 5 1 1 9 11 8 5 9 10 5 11 11 8 3 3 4 5 6 13 3 8 11 8 3 10 21 17 10 5 9 15 6 14 7 4 6 6 12 12 9 12 8 9 18 16 17 9 1 3 3 3 7 3 3 5 6 12 18 12 11 12 16 13 19 18 36 32 16 24 25 10 19 30 9 41 29 32 41 46 54 41 40 53 45 50 39 20 42 49
7 2 1 1 1 1 5 11 1 14 11 3 3 5 3 6 4 5 6 5 3 3 4 7 4 2 11 11 14 17 12 4 2 10 17 11 11 15 7 7 9 1 17 6 14 13 13 9 9 6 28 24 7 2 2 2 8 8 4 7 4 4 6 7 13 12 16 15 7 9 23 18 36 30 46 28 30 28 34 16 19 16 6 9 40 36 42 47 53 47 35 39 51 16 46 52
3 1 0 1 3 5 4 14 7 11 5 4 5 5 8 6 15 10 4 12 4 4 7 7 4 4 14 2 5 6 18 6 5 8 4 18 7 9 4 3 7 2 17 10 11 10 7 7 9 8 32 23 5 1 3 4 11 9 6 3 7 6 3 3 7 10 14 12 11 12 16 17 36 41 36 30 41 34 37 9 33 38 20 20 9 22 47 42 42 38 26 46 58 10 46 55
2 1 2 2 7 4 2 11 0 0 1 1 8 10 15 9 8 12 9 3 7 4 10 5 3 11 12 13 7 1 16 5 4 7 1 1 3 18 5 11 4 2 6 13 11 7 11 11 11 14 24 12 2 1 10 8 9 10 8 9 12 13 22 23 19 12 12 16 13 17 19 32 30 27 37 27 41 41 36 29 31 45 42 33 41 31 11 20 32 42 54 57 31 36 42 27
1 0 2 2 8 4 14 8 0 0 1 1 1 2 6 10 9 9 3 4 10 4 8 8 2 14 8 12 10 1 14 8 6 8 4 3 1 5 11 8 4 8 3 13 8 6 10 9 5 27 15 3 3 2 9 7 8 12 14 6 11 15 27 25 20 21 18 18 21 20 18 28 34 39 35 27 42 33 31 39 25 53 48 29 38 29 28 16 39 46 61 68 26 51 31 49
4 3 1 6 3 4 15 2 0 1 3 2 1 2 2 2 4 6 1 2 25 16 8 3 3 10 6 14 14 1 8 1 4 15 7 4 2 6 15 11 6 8 6 15 12 9 11 14 32 31 1 1 4 12 5 15 18 17 16 20 7 12 12 12 18 21 18 12 28 23 11 25 32 51 46 12 44 20 22 37 14 39 40 37 41 27 39 13 39 48 45 16 61 62 33 51
2 5 2 13 2 2 9 2 2 2 4 6 1 2 2 1 2 7 2 2 26 9 5 6 9 13 5 19 16 2 4 9 4 10 6 8 12 11 9 10 9 8 3 16 6 12 10 7 37 17 1 1 4 13 11 8 22 18 7 15 2 6 13 18 10 11 25 15 10 22 22 18 18 50 44 16 44 40 28 40 32 14 33 20 50 44 25 14 46 45 47 43 69 63 29 39
2 1 2 6 5 6 6 6 7 7 3 6 5 3 3 5 0 5 4 5 6 2 1 12 4 2 23 8 14 11 3 11 10 5 6 11 3 4 10 2 22 10 9 2 16 12 13 19 20 2 1 2 4 10 11 12 11 20 26 24 6 6 20 20 11 25 29 12 23 16 31 19 33 31 52 38 24 34 36 39 37 30 43 45 56 63 31 35 44 37 20 48 47 35 12 26
9 10 3 7 3 10 3 3 2 3 5 9 4 4 1 2 2 5 13 13 1 3 2 10 4 8 5 16 4 20 2 8 12 5 2 13 4 1 7 2 23 11 2 8 13 13 19 24 5 1 2 2 7 10 13 17 25 18 7 5 23 24 28 25 25 19 28 12 27 40 25 33 22 43 23 54 18 41 36 43 38 35 43 44 50 53 29 37 50 54 28 44 39 16 36 35
0 0 2 2 2 19 2 3 0 7 12 12 5 3 7 5 3 3 3 15 4 2 9 3 1 1 4 9 8 25 2 2 6 12 9 11 10 3 9 3 15 13 14 5 6 8 5 5 0 1 6 9 18 16 17 24 19 25 18 22 30 22 33 30 19 25 32 27 36 26 26 37 27 42 46 33 54 50 36 48 22 57 42 26 59 39 37 39 46 43 50 51 16 31 50 50
8 9 6 4 1 24 4 3 8 9 0 1 9 6 7 3 3 3 10 14 7 4 12 2 2 1 5 5 8 15 1 2 2 5 3 3 5 5 1 9 11 7 17 10 4 5 5 6 1 1 11 13 17 19 18 27 18 21 13 27 28 21 21 33 22 38 31 40 26 17 26 23 28 43 48 37 58 59 44 43 24 54 24 47 47 52 42 43 47 41 51 51 47 40 50 59
1 2 4 4 4 2 6 3 1 2 2 2 5 1 9 5 3 4 19 1 3 2 3 6 4 2 21 6 16 6 13 1 5 7 5 3 1 3 2 5 16 9 14 9 2 2 10 8 9 19 22 21 26 13 23 31 18 32 29 21 34 26 32 35 27 33 20 30 26 22 42 44 42 57 40 63 58 65 30 55 51 49 33 44 51 48 48 33 32 19 32 32 57 54 56 46
13 10 9 3 3 6 5 3 0 1 1 1 4 3 3 13 2 2 19 4 2 2 1 2 2 1 18 9 18 7 23 20 7 5 9 4 4 2 1 1 19 12 4 4 4 2 14 1 12 15 21 19 23 28 29 23 24 30 19 12 30 33 33 37 35 26 20 39 19 24 48 39 52 58 30 62 63 70 41 56 55 52 5 42 20 42 54 52 25 37 37 53 62 56 48 31
6 12 3 5 14 9 4 6 11 2 1 2 3 4 11 13 8 14 19 17 14 14 6 8 2 13 3 25 9 10 12 10 4 12 5 7 4 5 8 2 1 1 17 11 9 7 17 23 25 33 35 33 17 11 16 30 34 22 43 35 37 39 35 37 49 44 52 32 27 40 31 53 56 56 19 55 63 57 16 30 26 46 56 53 63 43 32 44 58 51 47 64 58 2 57 67
5 3 16 12 20 6 1 7 9 8 3 3 7 22 7 3 6 11 2 3 3 2 11 10 16 8 3 22 4 17 15 10 4 12 3 4 1 3 12 2 12 23 22 16 7 6 21 16 9 41 37 32 7 9 40 20 39 25 40 39 39 42 17 18 39 36 40 39 38 42 37 46 48 65 34 57 64 40 32 42 65 53 49 47 41 49 30 28 56 54 40 56 32 48 59 67
11 17 20 17 2 5 13 5 8 2 2 3 17 14 3 13 5 8 19 21 16 14 2 2 10 3 2 9 13 12 17 11 4 5 4 4 5 5 3 3 22 27 11 4 1 0 8 21 38 38 18 7 31 40 35 48 28 32 13 26 35 15 31 40 35 22 23 37 43 47 49 55 36 32 32 38 32 8 60 53 53 44 49 46 57 58 39 34 14 25 53 42 60 67 56 31
8 6 2 10 11 9 7 9 16 7 1 2 24 7 13 12 8 8 3 4 7 12 16 3 3 10 1 4 18 6 2 20 2 6 2 2 9 11 2 2 5 13 16 2 0 1 29 43 28 27 16 27 47 32 30 34 28 35 25 13 8 26 41 40 32 32 21 28 34 41 49 48 11 21 55 49 46 13 61 60 49 52 47 42 49 54 47 42 46 32 43 25 62 66 44 36
11 14 9 3 2 13 7 16 3 2 19 16 3 1 13 4 6 6 4 2 2 5 3 8 2 3 4 13 11 3 11 19 2 13 2 5 3 3 16 19 26 23 4 0 0 6 21 18 28 30 40 35 20 28 26 28 26 27 25 14 25 41 31 57 40 49 36 37 35 30 21 29 63 64 76 42 60 24 52 53 42 38 25 32 43 29 59 48 38 49 43 11 61 56 44 44
13 8 8 11 12 13 11 18 2 2 6 6 1 4 6 4 6 9 4 3 4 4 16 21 0 1 11 4 5 0 4 12 4 3 7 9 2 14 12 17 7 4 7 3 0 0 21 18 30 30 28 19 30 14 30 39 28 25 23 19 30 43 30 50 32 49 30 37 32 29 34 43 69 57 68 54 61 38 36 58 48 42 24 27 57 47 22 25 41 55 46 13 66 53 51 39
13 12 4 10 7 4 19 6 6 6 4 3 2 9 4 5 7 11 6 5 1 7 3 2 10 16 5 6 5 2 16 12 3 3 10 4 8 11 13 13 12 9 19 10 9 11 5 27 7 8 23 7 16 13 25 30 27 20 34 36 42 42 34 36 35 36 45 41 26 32 34 46 37 57 31 60 50 29 47 60 53 40 14 27 25 19 19 28 46 61 51 11 47 53 43 52
2 13 8 8 10 3 6 2 3 4 1 1 6 5 8 10 2 4 5 11 3 9 2 2 12 12 3 3 5 2 12 14 18 15 8 9 5 4 13 14 14 11 17 14 16 17 13 34 15 15 18 17 17 13 30 31 23 20 42 36 36 18 26 29 47 38 41 36 25 34 32 37 44 55 45 62 36 36 51 64 47 39 18 31 33 35 29 32 43 60 39 9 57 43 42 49
3 4 10 7 8 8 5 2 1 2 1 0 8 4 6 3 5 2 7 6 2 2 5 9 4 8 3 3 2 13 9 7 14 14 7 11 8 8 8 7 10 3 2 8 3 11 28 10 19 27 11 9 16 28 24 19 24 34 35 28 19 12 26 36 43 32 34 27 43 37 43 39 44 51 53 53 30 43 52 58 50 43 55 53 54 37 29 30 26 55 41 22 13 26 37 44
6 21 18 14 5 14 6 1 1 1 2 2 8 10 4 3 8 3 10 6 3 3 7 5 5 6 7 3 2 17 9 7 13 14 17 15 17 13 10 6 4 12 16 16 17 12 19 6 12 5 9 11 25 25 21 20 30 38 7 27 16 29 20 45 39 36 35 27 43 48 42 39 45 31 41 41 36 44 53 49 37 17 62 61 36 7 22 26 21 49 38 30 16 34 31 43
12 16 3 11 2 9 7 1 1 4 3 2 2 8 18 5 3 3 4 4 11 9 3 4 6 4 5 18 6 12 7 14 2 9 10 11 18 13 4 17 5 4 15 19 7 12 12 10 0 9 10 10 16 24 17 26 8 14 13 13 14 22 18 23 40 31 28 28 31 48 43 43 49 23 39 24 49 49 28 41 23 59 67 59 15 28 17 18 44 52 39 39 50 53 46 47
8 10 4 10 6 3 4 2 2 3 3 1 4 7 5 12 1 3 4 2 3 5 3 3 4 2 2 23 6 6 5 12 6 7 8 6 17 13 18 14 11 16 13 16 11 8 8 1 0 9 4 9 13 22 24 12 11 11 12 10 21 22 23 28 34 29 39 37 36 45 43 44 40 36 24 28 49 41 17 41 43 59 53 32 28 29 20 19 57 55 48 38 51 52 36 47
12 9 6 16 7 2 17 7 2 10 4 8 2 4 4 2 5 1 2 4 8 7 3 4 2 2 24 13 5 6 6 4 5 15 9 4 2 9 10 11 22 13 15 13 17 9 0 0 2 7 13 8 16 16 20 12 17 15 18 23 11 19 27 22 26 26 44 34 27 28 37 14 43 25 47 43 31 40 18 44 49 58 47 21 39 36 35 29 30 49 50 37 35 55 44 55
5 7 13 13 1 0 6 8 12 2 3 8 4 19 11 7 3 1 6 7 7 5 5 5 6 11 9 5 4 5 8 5 13 6 5 6 1 6 17 22 7 14 17 8 18 4 0 0 3 9 10 5 5 4 14 14 14 19 21 13 12 22 28 24 15 24 36 28 23 37 23 23 26 18 45 41 19 46 19 45 51 54 55 24 37 37 38 29 34 30 51 36 29 56 57 52
12 11 6 1 0 1 2 3 7 7 5 9 8 10 2 2 6 4 9 3 6 13 0 5 10 8 8 6 3 9 5 5 9 12 6 8 1 2 2 2 31 9 10 8 13 3 0 0 17 10 3 7 9 9 14 14 8 4 8 9 12 21 16 9 11 14 24 32 26 6 23 6 26 34 45 35 38 20 39 35 53 53 22 20 36 18 43 46 47 38 30 31 26 57 55 45
12 13 2 1 6 16 18 3 3 3 3 9 11 6 2 2 4 5 20 2 5 11 0 3 4 14 5 6 2 11 6 6 12 13 6 11 4 3 6 2 28 22 4 7 11 2 0 0 14 6 5 5 6 10 11 4 16 15 6 12 9 12 24 17 13 17 21 6 24 24 9 25 39 49 17 21 26 8 40 23 58 49 6 21 38 17 34 39 48 46 28 30 18 43 54 38
2 2 2 23 6 14 22 6 5 14 4 8 2 6 4 4 6 6 7 17 6 4 2 3 5 22 4 7 4 4 3 8 9 11 11 7 1 6 5 4 1 23 10 8 2 1 0 3 4 3 6 6 4 8 13 13 12 14 4 7 9 10 12 12 17 24 16 15 6 14 13 32 19 16 33 21 26 35 34 48 42 25 21 28 29 18 29 40 50 50 26 24 13 38 42 33
3 5 2 30 6 8 11 4 2 12 3 5 5 6 3 1 6 7 10 15 4 3 3 4 5 15 4 6 7 5 3 8 6 9 9 7 1 1 4 5 9 14 12 10 3 0 0 3 5 3 5 7 7 12 9 8 7 8 15 11 12 16 13 17 18 12 7 14 20 25 19 31 17 15 31 13 34 44 50 42 44 24 29 38 19 18 34 43 41 40 38 47 10 24 20 23
1 5 2 29 1 2 3 6 9 6 7 10 9 2 4 2 9 7 6 7 4 7 4 4 5 8 7 6 5 2 1 12 6 8 5 7 3 3 4 2 28 19 13 8 0 0 0 1 1 7 11 13 5 4 9 10 16 15 11 10 2 6 14 4 15 16 20 26 26 23 31 36 14 35 17 22 27 7 43 37 27 29 32 47 43 36 47 41 39 45 50 51 4 27 25 33
13 9 7 30 0 1 4 9 2 2 11 2 6 4 5 5 12 3 11 5 11 6 6 6 5 8 5 9 4 1 6 11 7 7 7 5 2 1 2 2 30 9 6 2 0 0 0 1 13 12 13 6 3 4 5 2 12 19 17 22 9 7 15 11 13 24 14 25 27 24 34 25 30 39 9 27 27 16 45 33 26 28 33 44 24 33 47 45 46 44 62 52 2 30 32 46
2 4 9 6 4 0 3 5 2 3 12 12 2 9 4 9 13 1 12 2 7 16 6 5 1 3 6 6 7 12 6 20 10 11 3 6 1 3 3 1 1 13 22 7 0 0 0 0 11 10 12 7 4 5 10 10 5 7 17 12 5 8 5 5 18 22 15 14 29 22 22 22 30 8 23 26 9 19 35 32 36 41 41 36 8 28 48 48 49 55 58 44 10 39 49 43
3 4 8 5 13 0 3 6 2 3 2 14 3 1 13 8 7 3 8 4 11 5 1 2 3 3 7 5 3 15 2 21 5 7 4 10 4 4 4 2 3 2 23 9 0 0 0 0 17 5 6 4 3 4 10 11 4 12 13 6 5 12 7 7 17 19 19 21 20 5 25 30 15 2 22 25 14 24 16 25 38 39 28 8 21 22 52 47 43 45 44 36 20 38 46 39
9 3 22 13 15 3 5 4 7 3 1 5 13 5 6 8 5 7 7 5 6 3 3 2 8 2 4 5 11 16 4 25 2 8 9 9 6 3 3 2 3 2 15 6 0 0 0 0 11 13 4 3 4 4 12 17 18 16 9 6 13 8 6 7 12 19 13 12 15 21 20 14 17 13 25 26 19 23 15 22 19 22 16 9 28 27 47 53 50 55 46 32 22 34 44 49
9 4 1 1 6 9 4 1 6 1 0 3 18 7 2 5 4 5 7 3 7 3 4 3 4 3 11 15 15 7 9 20 2 3 4 6 3 5 5 6 3 3 13 4 0 0 0 0 3 4 5 4 4 10 18 23 13 11 12 12 12 4 7 7 22 22 6 15 18 15 19 19 14 10 29 25 26 33 29 12 7 10 12 24 12 27 45 46 39 45 41 38 32 31 48 49
2 12 1 1 5 4 3 1 5 2 1 1 7 19 5 6 3 5 6 4 4 8 4 9 6 3 10 9 10 2 15 14 4 14 2 3 2 1 12 19 22 15 15 3 0 0 0 0 1 3 9 8 18 24 15 12 5 9 14 14 6 14 16 15 20 6 28 16 6 11 17 13 12 12 51 33 37 25 30 28 27 25 20 27 19 27 46 46 40 43 32 41 56 50 51 38
3 10 5 4 3 4 3 1 4 2 2 1 16 12 6 11 3 4 4 3 4 7 6 10 6 5 6 16 9 6 16 4 4 5 3 1 2 5 18 5 12 14 14 2 0 0 0 0 11 16 12 9 15 18 9 5 2 3 5 4 6 13 13 24 13 17 20 7 13 16 20 15 16 17 37 50 27 7 32 31 22 23 24 30 24 30 34 48 55 45 40 49 59 61 73 57
6 5 2 1 1 1 1 1 6 3 8 11 14 12 12 10 8 6 5 5 9 16 4 11 3 5 10 21 3 11 14 16 1 1 11 4 1 4 17 22 11 11 1 0 0 0 0 3 11 6 5 6 10 12 16 20 11 8 4 4 6 6 23 18 16 23 5 2 21 18 20 19 12 15 13 51 33 27 29 28 21 15 25 12 19 25 29 35 50 39 40 56 59 65 64 58
9 1 1 1 2 1 2 1 3 6 2 6 2 6 8 4 6 6 3 10 5 13 6 8 4 3 9 21 2 10 12 23 1 1 22 13 8 14 2 5 23 16 2 0 0 0 0 4 10 4 5 3 3 7 14 16 21 18 7 6 6 4 24 23 23 27 3 7 21 17 15 20 7 11 21 41 32 36 29 23 23 12 21 17 24 24 26 40 44 49 35 51 45 61 57 51
4 1 2 2 2 2 2 4 3 3 2 5 3 2 2 7 2 3 4 4 11 5 7 4 3 3 22 5 7 10 11 14 2 3 1 1 3 9 2 0 6 21 11 2 0 0 0 4 7 4 5 9 12 8 8 15 24 23 31 29 24 24 22 11 20 26 20 19 16 6 12 12 5 8 25 30 24 25 24 25 14 20 9 8 13 14 24 43 33 39 24 41 37 29 44 39
4 1 0 0 1 2 2 3 3 1 2 3 2 4 16 15 2 5 3 5 7 5 4 7 3 5 21 4 10 10 11 11 1 6 6 6 1 7 2 2 11 18 9 2 0 0 0 5 7 1 15 9 4 1 0 0 11 20 27 26 25 23 15 11 15 21 19 16 7 12 13 8 3 4 17 19 24 21 18 19 13 5 6 14 13 12 22 35 25 30 25 38 40 31 30 15
3 1 1 0 1 0 1 0 1 0 1 2 4 4 2 19 9 1 2 3 5 7 14 3 3 2 17 8 13 16 15 7 1 2 6 5 3 10 14 15 9 7 8 3 0 0 1 9 4 16 0 0 0 0 0 0 0 0 0 0 0 0 0 1 4 6 12 9 12 10 9 11 9 8 8 19 19 15 6 11 10 4 13 13 9 9 15 23 20 17 27 52 23 19 53 54
7 2 2 2 1 1 1 1 1 1 2 3 4 4 2 10 14 5 2 4 6 10 15 3 4 1 17 8 11 11 21 9 1 0 5 0 0 8 10 9 8 5 6 2 0 0 2 9 11 7 0 0 0 0 0 0 0 0 0 0 0 0 0 0 1 1 4 6 11 12 12 14 9 7 3 12 7 11 12 8 15 15 10 11 6 11 19 23 19 20 32 54 19 31 42 45
10 6 4 3 2 1 1 1 1 2 2 1 4 3 8 4 6 17 10 6 10 6 4 11 2 5 12 1 15 18 13 24 17 6 3 8 8 2 6 12 7 2 2 0 0 0 4 8 11 0 0 0 0 0 0 0 0 0 0 0 0 0 0 0 0 0 0 1 6 10 8 11 15 13 12 14 22 2 11 9 16 9 18 10 13 14 26 25 16 26 37 36 17 19 32 26
9 5 1 1 3 3 1 1 1 1 3 2 1 1 4 2 4 15 11 6 8 11 7 5 4 5 6 2 21 18 23 12 17 7 9 4 6 2 2 7 10 14 4 0 0 0 4 8 3 0 0 0 0 0 0 0 0 0 0 0 0 0 0 0 0 0 0 0 1 4 16 21 28 34 32 29 18 7 11 11 1 1 3 6 7 17 24 29 26 29 24 6 12 14 31 30
11 1 2 2 2 2 1 2 1 2 1 1 3 8 12 3 7 9 4 5 6 10 4 2 15 22 8 6 19 18 13 23 2 3 15 5 2 5 1 2 12 2 10 1 0 0 0 0 0 0 8 12 3 0 0 0 0 0 0 0 0 0 0 0 0 0 0 0 0 0 0 0 0 1 1 1 1 1 1 1 1 0 1 1 1 2 22 19 15 19 1 7 5 5 15 23
4 2 2 2 1 1 2 1 1 1 1 3 6 6 6 4 8 10 5 1 9 6 6 6 16 16 4 8 8 16 28 13 9 8 1 12 9 3 0 2 11 4 8 1 0 0 0 0 0 0 13 11 13 3 0 0 0 0 0 0 0 0 0 0 0 0 0 0 0 0 0 0 1 1 1 0 1 1 1 1 1 2 2 1 1 1 19 13 18 16 5 9 5 6 15 22
2 2 1 1 1 2 1 2 2 1 2 1 6 7 6 7 3 5 5 10 13 6 7 14 17 20 2 7 10 18 21 15 19 6 4 9 15 9 13 10 6 4 6 0 0 0 0 0 0 0 20 12 11 15 8 4 1 1 0 0 0 1 2 2 2 3 4 2 3 4 5 2 1 2 2 2 2 1 4 3 2 2 3 4 3 1 11 17 19 3 7 3 8 7 14 20
2 3 12 11 3 2 1 1 3 1 2 2 4 11 6 4 3 1 3 3 7 5 20 10 9 12 1 5 4 15 5 20 15 5 1 3 9 16 12 11 8 5 5 0 0 0 0 0 0 0 22 11 3 9 13 10 8 6 3 2 2 3 3 4 2 5 9 10 6 6 6 7 4 3 2 10 19 16 7 7 5 5 4 5 1 3 3 15 8 2 3 2 10 7 9 12
