data/landfire/SLPP2020.asc
ncols        216
nrows        218
xllcorner    -1940985.000000000000
yllcorner    1261215.000000000000
cellsize     90.000000000000
NODATA_value -9999
[rows 59 to 117 of 218, columns 0 to 95 of 216]
12 3 2 6 5 3 1 1 7 6 4 6 2 5 14 4 3 2 2 3 12 12 11 23 8 14 3 5 14 20 18 3 18 7 1 1 12 12 9 8 2 2 0 0 0 0 0 0 0 0 21 4 1 1 3 6 15 19 7 6 4 3 16 16 8 6 5 9 13 6 7 8 11 12 9 20 2 4 13 15 26 21 7 6 4 6 5 4 2 8 4 10 19 15 18 27
14 7 3 4 4 1 2 4 6 6 6 3 2 5 14 13 3 1 6 24 15 16 9 14 16 17 3 12 17 18 15 25 23 5 1 4 13 11 9 8 2 2 0 0 0 0 0 0 0 6 16 3 1 1 2 2 3 7 9 5 8 4 12 10 17 16 1 10 12 4 5 6 7 4 12 19 5 5 6 8 11 20 14 8 6 6 2 2 3 5 10 17 17 12 20 26
5 3 10 9 12 14 14 2 3 6 2 2 6 4 5 13 4 12 17 9 20 21 21 5 21 15 3 15 18 25 15 17 21 15 14 8 14 11 6 4 0 0 0 0 0 0 0 0 4 20 3 1 2 2 2 1 1 2 14 11 9 20 16 3 3 9 15 13 6 7 11 14 17 17 20 5 8 6 6 6 16 18 20 23 8 25 27 20 10 9 9 18 21 18 28 31
9 3 8 7 4 1 17 2 7 9 2 3 5 5 10 5 3 10 14 18 11 7 23 23 17 25 4 11 22 17 5 6 24 19 12 6 13 8 4 3 0 0 0 0 0 0 0 0 8 14 2 2 3 2 1 1 0 0 12 12 1 14 14 2 2 3 11 5 3 5 23 25 25 25 21 23 13 10 12 10 21 20 23 25 9 12 21 23 14 10 3 8 15 21 30 32
4 6 7 6 10 10 2 7 10 14 3 7 7 6 1 3 1 2 10 10 18 17 22 10 20 17 2 4 20 23 15 20 17 19 12 15 4 7 2 1 0 0 0 0 0 0 0 1 13 7 5 2 3 2 1 1 1 1 3 3 5 5 7 7 8 8 11 7 7 6 28 32 10 19 27 21 40 27 20 21 34 23 27 22 15 5 3 7 12 4 7 4 14 23 29 27
4 6 6 4 12 11 0 1 18 14 15 5 14 11 5 14 5 5 12 15 10 20 17 11 8 2 1 8 19 13 20 6 19 22 13 15 7 2 2 1 0 0 0 0 0 0 0 3 10 2 5 5 2 2 1 1 2 3 5 6 7 7 12 11 14 16 18 16 17 4 18 29 17 5 30 34 42 22 27 24 30 16 36 30 17 13 9 10 8 4 5 8 10 20 32 34
4 2 11 12 18 9 5 9 24 7 11 8 5 14 20 13 19 14 8 6 6 5 11 8 15 15 3 8 18 11 21 13 20 26 9 16 5 4 0 0 0 0 0 0 0 0 0 4 10 5 9 8 6 11 12 12 13 10 13 13 15 19 21 22 22 19 15 19 20 13 11 16 35 10 30 33 27 21 16 11 14 16 33 44 15 17 13 7 20 17 11 15 20 11 12 32
6 2 14 11 14 11 7 16 14 20 11 8 10 7 18 23 22 18 13 15 19 21 17 15 16 18 2 5 11 19 10 27 25 30 9 17 6 3 0 0 0 0 0 0 0 0 0 2 17 12 10 8 16 13 5 5 6 15 20 9 17 16 13 14 7 6 4 19 20 25 10 16 39 20 28 34 31 26 20 10 18 20 38 47 22 17 29 16 7 22 13 17 19 5 29 22
6 11 12 14 11 17 3 17 18 7 14 12 14 13 13 18 5 21 17 8 25 16 18 9 10 16 3 7 12 16 16 14 12 17 14 15 7 0 0 0 0 0 0 0 0 0 0 0 7 15 12 6 19 8 4 6 8 18 17 10 13 11 8 8 20 25 27 11 26 36 11 16 31 33 15 35 3 12 30 22 23 21 38 25 36 23 24 30 20 16 19 28 40 22 38 34
6 14 10 14 7 20 2 16 17 9 14 10 15 13 9 16 14 25 20 8 28 22 23 22 19 10 1 14 19 20 9 14 26 30 14 17 5 0 0 0 0 0 0 0 0 0 0 0 0 7 26 18 18 10 6 9 9 20 32 34 11 13 18 14 22 20 29 15 13 33 24 12 23 40 6 33 11 9 27 29 21 22 33 37 44 25 14 27 36 27 28 30 36 33 46 32
16 13 12 12 15 21 4 10 17 20 18 9 12 19 7 8 24 11 17 27 30 16 16 25 15 16 19 23 21 18 19 25 12 29 14 17 0 0 0 0 0 0 0 0 0 0 0 1 7 15 30 18 20 14 11 14 21 20 12 22 29 14 13 20 16 9 25 28 13 23 29 23 30 39 12 24 35 11 28 33 24 23 23 25 41 36 24 6 21 27 19 23 26 34 43 34
23 10 16 11 21 21 5 5 17 19 13 15 7 19 7 14 17 28 16 25 32 9 30 33 16 3 25 23 15 8 6 5 19 31 13 18 0 0 0 0 0 0 0 0 0 0 3 12 20 30 30 33 22 17 10 18 19 10 13 22 13 18 17 19 3 8 10 15 16 27 23 25 26 21 6 16 39 32 31 36 24 23 30 21 42 42 26 9 25 31 19 22 25 30 20 39
16 13 19 20 25 20 12 10 7 14 20 6 13 23 5 21 24 17 27 24 29 24 15 27 10 18 23 25 22 21 20 13 3 9 15 26 0 0 0 0 0 0 1 7 18 19 15 11 15 23 15 30 28 22 28 21 14 20 8 8 19 11 9 12 15 10 15 22 6 26 28 13 27 40 38 27 25 39 7 35 26 26 26 29 13 26 28 33 32 21 24 19 19 44 36 15
11 13 23 15 22 18 14 9 10 8 21 17 9 24 2 18 8 23 34 23 21 29 18 27 16 18 24 20 24 10 23 28 24 15 14 27 0 0 0 0 0 0 9 13 7 5 6 6 13 22 13 15 30 33 34 20 14 10 13 5 17 11 11 19 14 19 13 13 20 21 26 25 26 8 41 42 3 31 37 15 24 23 22 28 26 23 14 35 35 24 14 18 7 27 22 44
12 6 21 9 21 7 11 14 11 12 11 21 20 20 7 7 12 25 41 15 27 20 13 6 30 27 30 13 30 11 9 12 14 14 14 19 0 0 0 0 0 0 10 10 10 10 6 6 10 12 20 20 32 42 30 23 17 11 25 4 24 23 20 13 23 13 19 26 21 20 28 29 12 20 39 25 40 26 29 36 24 16 25 31 21 8 25 9 33 32 24 42 28 29 39 48
9 7 19 16 20 4 12 18 16 10 8 18 17 20 8 8 22 27 42 12 29 24 4 14 31 26 27 3 31 15 20 19 15 18 13 10 0 0 0 0 0 3 4 5 18 16 14 11 13 13 17 22 23 29 31 24 21 9 25 7 22 25 20 21 22 18 16 14 20 25 30 7 32 26 31 39 23 38 33 24 27 16 9 12 14 20 26 5 36 31 26 48 34 33 25 35
14 7 11 27 11 8 20 21 4 17 17 8 8 24 14 20 17 28 39 15 32 17 18 33 27 8 18 7 28 22 13 14 8 5 14 15 0 0 0 0 0 2 3 17 26 24 24 27 6 16 23 30 37 22 26 24 17 21 13 11 10 8 25 26 24 19 17 10 10 13 35 13 24 11 22 13 40 16 28 26 31 24 14 19 5 13 29 39 39 37 36 52 29 57 31 35
23 11 7 26 8 10 22 11 8 10 10 9 7 28 19 24 12 29 33 15 30 10 26 42 7 14 22 3 31 27 18 17 10 15 7 16 0 0 0 0 0 2 9 21 27 21 20 24 11 10 22 19 41 25 23 22 21 20 7 8 10 6 25 32 36 23 17 15 7 9 36 12 13 25 28 9 37 12 18 35 28 22 29 14 18 13 34 42 10 37 49 34 3 44 45 40
24 8 25 20 8 17 9 22 19 7 25 11 9 28 24 20 12 19 8 28 18 1 33 37 21 13 26 9 34 35 15 11 20 22 5 7 9 7 11 16 49 7 42 43 32 31 31 5 25 25 19 36 29 15 20 29 25 15 17 15 16 13 30 34 17 15 27 34 15 12 32 20 14 18 27 16 34 26 18 29 29 22 12 21 27 20 39 48 30 17 34 30 36 43 36 36
19 9 29 15 8 18 4 22 21 5 21 10 8 35 21 14 11 11 16 12 10 2 29 25 23 22 25 13 18 36 13 11 18 30 5 7 14 19 22 31 62 59 20 41 39 26 19 16 31 27 19 33 27 15 24 18 11 15 21 25 18 2 39 13 31 15 31 30 28 17 31 21 25 31 22 19 32 23 19 29 32 23 7 11 9 6 27 38 19 21 38 42 46 43 39 35
11 20 19 9 12 16 2 16 30 17 14 22 24 7 14 17 10 8 16 23 4 2 31 13 15 7 10 10 3 28 18 31 19 21 20 24 14 11 23 18 19 44 61 54 41 60 48 43 8 6 18 28 37 34 35 21 27 32 30 28 22 22 28 46 29 54 49 48 17 22 25 17 25 33 22 19 30 13 10 28 34 14 27 28 24 30 22 14 40 45 47 43 43 39 57 49
16 17 14 6 12 12 5 10 12 18 17 23 7 28 32 22 5 5 9 27 4 2 29 3 6 17 8 7 15 33 6 21 14 14 23 16 24 19 25 21 16 23 56 70 10 32 53 50 19 32 34 38 44 41 39 34 24 32 35 31 28 27 22 37 26 56 51 53 22 24 31 21 30 31 16 24 18 24 5 23 32 8 21 33 22 34 33 41 28 44 47 46 53 37 42 42
12 5 5 14 24 9 8 6 26 15 13 25 8 6 15 26 16 20 29 14 2 2 20 22 26 37 30 32 7 14 12 26 24 23 13 13 11 19 12 21 36 34 46 67 66 17 28 37 49 31 50 39 64 25 41 35 32 39 47 38 30 41 13 33 7 36 6 58 53 21 38 18 25 17 31 23 17 8 18 16 35 6 18 11 25 1 23 13 37 28 46 53 45 44 54 44
18 17 5 17 20 20 4 4 22 11 20 21 5 14 16 23 28 23 11 5 2 2 3 5 10 7 3 4 14 10 20 27 24 17 12 9 20 17 5 14 38 37 17 46 69 46 34 35 39 58 50 53 60 37 25 34 41 23 50 36 30 43 30 33 6 27 36 52 62 31 33 27 25 14 33 27 21 21 18 16 30 18 35 20 20 17 28 27 34 27 30 37 55 55 49 37
5 29 5 10 24 14 12 16 31 28 11 8 15 8 4 4 4 4 2 1 1 2 5 7 0 0 2 6 4 1 7 27 1 2 4 6 17 18 28 25 16 25 50 53 35 38 18 35 26 47 57 63 56 24 25 38 40 38 45 28 41 36 32 8 21 10 52 14 58 67 37 43 51 53 7 14 24 25 22 36 15 18 28 21 16 18 29 22 31 33 27 39 44 45 56 57
13 21 16 16 24 16 19 19 26 9 5 5 3 3 4 5 4 2 2 1 3 4 2 2 1 1 1 3 7 3 5 30 7 2 2 6 20 31 23 11 33 30 49 52 36 36 5 50 26 37 55 62 63 35 28 44 50 26 30 17 39 41 40 40 24 36 53 40 54 66 58 64 62 59 63 35 15 15 21 24 27 36 25 27 22 14 32 28 30 25 49 55 32 43 56 63
11 17 16 15 7 15 19 18 6 6 5 6 5 6 4 5 3 5 6 6 4 3 1 1 6 1 1 3 1 1 3 4 15 30 22 22 34 36 72 91 75 72 70 34 14 10 41 60 20 29 49 47 74 67 19 21 44 26 33 37 43 28 50 50 28 25 7 20 72 73 33 42 46 66 56 55 55 12 17 30 26 43 25 19 24 25 33 47 37 37 39 31 25 33 47 54
3 3 3 5 6 6 9 8 5 6 8 7 5 3 3 3 3 2 1 2 1 0 2 2 4 1 3 2 1 1 4 6 7 12 21 31 54 55 41 7 9 22 40 46 31 25 32 42 43 38 69 73 61 61 52 26 40 22 37 29 43 43 45 51 26 31 32 23 51 72 77 73 56 51 49 33 36 58 51 17 30 34 18 21 21 24 36 49 27 26 44 36 37 32 50 47
6 4 7 8 9 3 1 1 1 1 1 0 1 1 0 1 0 2 2 13 15 20 20 23 4 4 5 5 4 3 3 2 4 11 32 38 35 29 43 28 13 27 32 28 46 52 39 48 61 53 60 69 28 57 40 37 5 12 29 17 46 38 40 55 47 45 50 30 62 22 66 60 48 46 36 38 28 39 9 28 14 32 30 26 20 20 9 30 13 34 24 39 46 56 32 41
10 12 6 4 0 0 1 1 0 1 0 0 1 1 1 0 1 1 16 11 10 6 3 13 3 4 7 17 9 7 6 6 21 39 25 32 25 27 40 31 11 18 27 27 41 53 45 53 62 56 52 53 44 36 59 38 18 22 43 28 35 33 37 50 41 28 57 42 42 48 44 14 37 31 37 42 38 34 47 28 31 31 33 37 23 11 14 29 39 40 30 27 39 49 34 36
1 2 1 1 0 1 4 4 2 1 6 7 4 9 14 14 11 11 12 12 10 10 9 8 17 2 3 16 25 32 29 8 23 20 21 32 7 28 26 32 15 21 13 24 37 42 56 56 48 56 47 44 48 48 45 46 43 43 39 20 23 25 21 12 35 35 13 35 59 41 45 24 16 30 33 35 21 30 30 53 39 42 20 27 19 13 25 25 41 38 36 34 16 41 57 51
0 2 2 3 6 6 4 3 4 5 7 6 9 8 6 3 11 20 28 24 23 16 24 22 31 2 6 7 26 33 37 23 28 25 29 27 4 18 13 42 15 10 17 40 40 33 46 54 53 59 42 39 56 64 42 56 46 51 32 19 39 33 25 20 30 25 10 29 51 35 43 55 32 20 11 29 14 31 41 52 15 51 43 16 17 9 10 15 39 38 2 3 32 42 64 49
8 7 4 4 3 3 4 7 12 11 6 7 7 8 23 23 26 32 33 37 34 39 31 35 35 36 2 10 39 34 37 33 32 30 4 5 4 6 30 24 21 18 28 38 35 30 29 23 7 23 25 16 16 30 42 57 47 48 25 31 26 28 35 42 29 25 25 13 29 39 38 29 30 34 27 30 21 28 40 48 44 53 31 8 16 11 11 10 38 55 40 41 30 51 52 22
6 5 9 8 4 8 22 25 12 18 10 14 20 14 28 30 24 36 10 7 11 27 18 15 39 32 6 5 32 46 27 37 26 28 5 4 7 6 24 23 16 24 23 20 38 33 31 14 30 38 29 31 29 28 28 52 27 29 20 25 28 25 36 35 29 24 18 12 24 34 46 37 26 31 40 42 32 21 52 31 49 49 58 32 12 19 34 43 43 21 31 30 54 54 54 59
9 9 9 15 7 18 16 12 16 12 15 20 21 17 29 23 29 29 50 26 4 4 5 4 31 43 22 10 35 44 9 30 15 34 5 6 6 7 24 4 21 10 31 36 38 39 28 28 34 47 54 34 44 30 27 31 44 37 13 4 19 25 45 49 29 20 11 8 23 31 45 52 23 27 23 15 42 39 36 43 50 35 49 52 13 21 33 30 38 57 58 52 42 30 37 50
13 20 13 17 4 26 16 14 13 14 10 30 27 27 28 25 41 42 22 49 3 2 4 3 16 47 21 17 20 40 25 6 30 20 9 5 2 1 16 24 24 17 27 32 35 31 20 34 24 36 28 55 33 27 39 43 50 49 28 24 10 22 48 43 28 20 9 4 24 32 40 41 26 23 16 24 43 35 43 45 9 19 46 44 11 20 37 36 46 25 25 34 49 37 51 33
17 6 25 14 19 2 35 22 32 24 39 25 9 28 21 9 40 9 41 29 27 4 2 2 4 25 33 19 4 25 37 21 14 36 22 7 4 8 9 23 13 40 34 29 23 12 49 46 38 39 19 28 50 36 26 32 41 45 36 39 18 34 43 37 30 25 16 16 26 25 33 43 48 15 57 24 42 55 36 41 29 20 43 57 51 29 14 25 56 50 45 49 20 21 48 34
17 13 18 23 31 22 38 43 9 10 20 29 6 8 11 5 28 6 20 40 40 23 2 1 3 10 45 25 5 16 40 28 2 27 28 11 1 8 2 7 16 24 41 36 35 36 46 23 29 34 27 44 53 40 28 34 36 25 26 32 24 25 41 38 26 20 16 12 23 30 44 43 28 56 56 52 27 37 47 47 42 36 27 24 49 41 25 30 41 40 47 47 47 33 54 60
25 18 17 26 43 40 13 22 38 35 10 3 4 3 4 4 11 9 2 6 18 26 8 15 1 3 43 33 13 4 33 42 12 6 5 19 12 14 3 16 14 16 18 34 38 26 14 37 36 26 31 52 30 40 25 33 25 21 14 14 31 12 47 54 45 38 32 23 41 34 47 58 61 57 50 41 46 56 10 43 42 31 41 43 15 20 45 26 25 39 48 30 53 59 48 31
7 7 8 9 29 39 24 8 42 36 39 22 4 3 2 2 6 7 2 2 14 10 14 10 2 2 38 37 20 9 23 45 17 1 17 14 21 9 35 36 30 23 14 27 38 33 21 12 45 47 32 49 31 40 31 20 25 23 24 25 37 29 23 40 43 40 44 34 37 46 51 54 54 53 55 52 54 55 24 40 39 42 41 37 35 29 41 30 20 47 59 59 39 64 55 33
6 4 4 3 9 25 38 35 21 5 29 35 36 27 2 2 1 2 2 2 3 2 3 3 5 2 11 32 33 19 2 22 43 22 12 8 11 11 16 3 3 3 26 17 11 17 16 19 23 16 18 26 38 37 30 38 31 30 38 33 53 64 34 44 64 59 58 47 18 16 48 55 24 43 55 52 48 59 35 40 46 35 42 38 42 50 36 44 42 30 66 50 48 52 53 52
3 3 3 4 4 5 32 36 39 36 9 23 41 46 4 2 1 1 1 1 2 2 2 2 4 3 10 22 40 32 4 7 43 41 3 7 16 12 29 3 3 3 23 27 22 11 12 9 8 6 25 17 34 28 24 26 26 32 43 45 48 56 36 68 59 55 51 13 47 48 34 9 44 48 44 38 55 57 22 38 35 43 46 47 49 58 30 44 44 54 61 66 47 24 45 47
2 2 1 1 1 1 2 7 26 41 41 38 11 32 46 23 3 2 1 1 1 1 3 3 3 4 2 7 36 44 28 13 14 40 22 19 10 8 23 29 2 2 3 13 1 0 20 9 10 19 35 30 31 33 47 36 31 49 37 41 45 37 42 65 45 41 26 46 46 42 53 52 24 49 54 61 36 57 35 21 41 43 52 40 47 33 16 52 51 52 75 41 60 62 37 46
2 2 1 1 1 2 1 2 5 17 37 40 19 12 34 39 13 5 1 1 1 1 4 3 2 1 1 1 18 37 35 24 3 22 34 21 8 7 12 30 2 1 5 9 0 0 13 6 8 21 27 21 26 35 50 42 25 33 48 29 44 33 44 63 54 51 31 52 49 46 55 60 52 29 53 62 46 48 53 23 44 42 34 27 32 38 34 62 59 48 77 81 28 59 59 62
1 1 1 1 0 1 1 0 1 2 32 31 14 18 22 20 36 36 7 2 1 1 1 0 1 1 1 1 1 7 39 43 29 9 35 21 30 33 20 11 11 5 3 2 2 3 31 8 34 31 28 22 23 25 37 38 32 49 26 38 34 23 57 62 11 58 43 45 57 52 32 49 58 54 50 47 58 50 50 58 18 32 45 23 45 46 73 53 57 51 35 54 74 58 70 57
1 1 1 1 1 1 1 1 2 10 33 22 26 21 23 13 25 24 8 2 1 1 1 1 1 1 1 1 1 1 22 37 39 30 25 7 27 30 24 14 18 4 2 3 5 15 20 20 33 28 30 16 24 13 22 24 37 51 40 34 29 30 60 63 57 51 44 47 54 50 28 32 58 60 50 50 70 64 51 46 30 32 39 34 50 36 76 32 52 50 27 24 60 66 38 62
1 1 1 1 1 1 1 0 18 20 25 27 17 22 30 54 3 30 36 8 2 2 2 1 0 0 1 1 1 1 1 6 30 38 19 6 27 52 49 42 15 13 2 2 10 14 19 17 32 31 33 19 20 24 10 16 24 17 36 30 27 49 50 10 58 50 41 32 38 28 24 16 46 55 33 44 58 56 59 58 24 37 53 47 56 29 58 41 34 42 28 33 30 54 62 45
1 1 1 1 1 1 1 1 7 22 25 15 14 16 6 25 27 14 41 31 3 2 2 1 1 1 1 1 1 0 1 1 17 25 15 16 8 17 58 55 35 27 13 20 23 24 8 25 35 34 34 26 15 29 13 20 9 36 24 19 25 41 23 37 48 43 41 33 33 29 40 29 14 35 48 55 53 56 46 36 30 43 51 43 50 33 43 34 33 35 29 45 37 46 64 67
1 0 1 1 1 1 1 0 6 7 8 17 12 9 8 16 25 19 17 30 20 8 2 1 2 1 1 0 0 2 1 1 11 37 37 35 31 33 2 22 48 48 38 36 31 24 34 44 36 21 23 33 24 19 25 16 20 27 20 23 38 39 13 37 36 38 55 38 58 54 44 31 44 36 27 25 33 36 47 47 42 29 17 23 32 50 47 22 42 43 20 39 44 20 33 42
2 2 1 0 1 1 1 1 3 4 4 8 9 11 10 16 18 17 5 20 32 23 2 1 1 3 1 0 1 3 1 1 12 26 14 21 34 25 29 9 39 49 43 28 33 37 28 50 28 42 40 36 17 7 13 11 21 21 24 30 34 31 14 32 43 45 56 47 63 59 41 36 40 37 38 24 48 51 38 44 51 50 23 12 39 52 53 61 43 45 34 35 31 33 4 29
0 1 3 2 2 2 2 2 2 3 5 5 8 10 15 16 17 9 11 17 20 27 25 19 7 4 2 1 2 2 1 1 8 6 4 4 14 31 26 35 35 33 26 18 23 32 49 23 33 29 33 38 36 32 24 12 14 23 28 22 18 6 30 27 4 39 58 51 62 76 58 53 55 45 63 58 35 36 29 30 47 48 28 30 16 39 41 51 45 17 54 46 39 40 33 28
3 1 1 2 2 2 2 2 2 3 5 7 6 6 16 17 16 12 19 29 3 19 24 26 29 15 4 2 1 1 2 0 3 1 1 1 3 12 28 24 43 41 34 32 31 26 21 51 36 37 42 40 33 37 35 31 16 14 16 19 4 15 26 13 34 21 39 35 42 59 60 34 28 22 27 36 47 48 14 24 38 35 32 28 16 22 33 33 44 42 19 27 35 44 38 33
1 3 2 6 1 2 3 3 3 3 5 7 7 6 9 15 17 16 12 15 34 3 10 17 13 5 2 3 2 3 1 3 1 2 2 4 2 2 6 7 12 12 23 27 33 34 42 39 35 36 34 30 28 31 28 32 26 33 33 42 35 9 27 36 12 9 30 38 37 25 55 48 44 41 43 39 22 31 4 11 38 37 23 31 37 35 35 7 38 34 40 22 49 34 41 35
4 3 6 5 1 1 2 2 3 3 3 6 8 7 1 6 15 17 15 21 38 24 12 15 25 15 1 3 2 2 2 2 2 2 4 1 1 0 2 9 14 11 14 18 22 23 24 26 32 29 13 13 21 25 26 31 38 42 28 46 50 42 11 30 29 25 29 5 45 43 56 47 30 28 10 23 23 22 24 29 62 53 25 35 48 49 47 35 25 34 41 39 45 44 46 42
1 1 2 8 10 6 3 1 2 3 3 5 5 6 6 6 3 4 19 20 14 29 32 5 13 14 20 22 21 10 2 1 1 5 2 1 1 0 14 6 5 3 14 5 12 7 4 8 25 31 38 35 14 26 31 28 30 26 22 54 47 50 36 25 28 37 9 33 54 57 60 45 16 24 44 28 64 50 57 50 51 44 56 63 49 31 42 51 43 30 29 35 35 23 40 39
1 1 1 3 3 13 5 4 2 2 2 7 1 5 7 7 7 4 11 11 8 14 32 25 10 10 12 14 15 17 10 5 2 5 2 1 1 0 18 4 3 2 15 4 10 1 6 11 18 19 29 46 16 32 44 31 28 27 26 55 50 52 35 35 9 47 19 21 32 68 64 52 52 41 41 45 56 49 51 35 47 53 51 56 46 56 29 44 50 52 15 13 26 26 34 36
1 1 2 2 8 11 6 5 4 3 3 3 3 2 3 4 8 6 2 3 8 10 17 21 2 6 21 24 8 10 10 11 13 10 7 8 4 3 12 4 3 2 6 14 16 7 24 29 25 13 31 36 21 22 50 54 35 36 46 59 45 61 39 36 32 50 30 11 32 24 60 60 66 61 60 58 56 63 23 41 30 33 53 44 28 26 35 33 34 52 70 64 45 51 64 54
1 1 1 3 4 10 5 5 5 3 4 4 4 4 3 4 8 7 2 1 9 13 16 15 5 9 22 19 21 11 8 9 10 11 9 9 7 6 10 9 4 2 2 2 8 9 31 31 29 25 29 38 39 31 34 47 39 33 29 47 35 62 47 48 39 9 62 39 27 30 43 53 58 61 37 26 37 43 29 17 56 63 58 54 56 49 42 39 27 53 67 54 51 48 55 51
1 1 3 5 4 3 5 3 6 4 5 6 8 8 7 7 8 5 1 4 8 14 10 13 14 3 22 16 6 7 17 23 6 5 9 8 4 5 1 1 4 8 16 13 6 19 26 29 13 6 24 29 40 38 18 6 14 17 35 36 13 39 47 45 46 41 6 47 44 27 37 43 32 47 59 59 51 44 20 29 44 45 35 34 26 17 4 26 53 52 48 57 43 52 40 54
