data/landfire/SLPP2020.asc
ncols        216
nrows        218
xllcorner    -1940985.000000000000
yllcorner    1261215.000000000000
cellsize     90.000000000000
NODATA_value -9999
[rows 0 to 58 of 218, columns 96 to 191 of 216]
-9999 -9999 -9999 -9999 -9999 -9999 -9999 -9999 -9999 -9999 -9999 -9999 -9999 -9999 -9999 -9999 -9999 -9999 -9999 -9999 -9999 -9999 -9999 -9999 -9999 -9999 -9999 -9999 -9999 -9999 -9999 -9999 -9999 -9999 -9999 -9999 -9999 -9999 -9999 -9999 -9999 -9999 -9999 -9999 -9999 -9999 -9999 -9999 -9999 -9999 -9999 -9999 -9999 -9999 -9999 -9999 -9999 -9999 -9999 -9999 -9999 -9999 -9999 -9999 -9999 -9999 -9999 -9999 -9999 -9999 -9999 -9999 -9999 -9999 -9999 -9999 -9999 -9999 -9999 -9999 -9999 -9999 -9999 -9999 -9999 -9999 -9999 -9999 -9999 -9999 -9999 -9999 -9999 -9999 -9999 -9999
40 32 25 38 46 47 48 37 56 67 53 39 28 25 12 10 23 39 44 40 38 30 42 30 13 12 6 3 3 2 1 1 1 2 1 1 8 9 21 20 18 22 8 6 20 20 9 7 10 9 7 6 4 1 3 4 6 10 25 32 32 8 45 41 40 9 13 7 15 21 19 24 33 33 16 31 18 13 17 22 39 43 62 41 54 37 38 35 24 17 25 23 19 17 20 14
40 35 35 48 19 34 59 30 48 60 46 30 31 40 13 21 28 28 27 19 33 31 8 16 10 8 7 3 2 2 1 1 1 1 1 1 1 10 27 24 24 34 6 4 22 25 7 5 6 6 5 4 3 4 5 6 10 12 14 20 32 39 20 37 35 14 14 5 14 10 37 40 20 13 28 26 15 10 13 35 50 60 57 6 51 30 35 41 39 36 24 25 16 16 11 19
38 39 45 49 51 46 48 9 69 71 39 35 33 38 14 45 9 33 16 21 26 20 25 23 6 6 7 3 1 1 1 1 1 1 1 1 3 6 24 29 21 13 6 5 5 4 5 5 0 1 5 6 7 7 6 6 8 11 13 8 6 17 42 39 18 32 8 10 13 13 29 23 39 32 24 30 15 19 31 30 43 69 16 22 50 42 39 15 9 39 28 12 19 37 27 32
36 26 35 25 52 52 54 19 89 65 51 39 41 25 19 41 29 37 32 36 30 35 26 22 7 6 6 3 2 1 1 1 1 1 1 1 1 2 9 11 7 3 2 1 3 1 4 1 2 2 13 11 9 10 9 7 9 10 8 15 19 9 22 21 12 11 11 9 31 34 24 9 39 31 22 29 19 32 22 31 52 77 32 45 15 36 33 27 22 19 30 27 21 29 42 43
26 30 32 47 58 59 46 47 63 60 52 50 41 31 34 40 38 33 15 32 23 27 16 16 19 9 5 2 5 1 2 2 3 3 1 1 1 1 1 1 1 1 1 1 1 6 25 19 8 7 22 24 17 21 19 11 17 23 19 23 21 37 9 3 26 38 35 38 41 37 42 34 28 27 19 17 21 26 30 18 17 35 34 29 36 43 9 18 8 7 25 20 21 14 4 12
28 24 30 50 80 71 71 69 65 61 44 42 33 37 29 30 13 29 28 24 48 45 30 25 16 9 5 2 4 2 3 3 4 3 1 1 1 1 2 2 1 1 0 3 3 12 13 21 13 12 14 30 15 24 27 22 25 28 7 24 39 39 9 6 37 40 36 37 27 30 49 42 25 17 21 22 26 21 8 24 53 71 39 43 36 25 26 33 8 8 19 21 18 4 7 8
39 25 52 55 75 56 55 58 50 45 47 45 29 29 35 22 22 31 32 46 39 40 17 10 7 5 3 2 4 11 17 19 14 9 5 4 3 2 1 1 2 1 1 2 4 6 28 9 8 20 14 6 21 28 15 31 25 20 23 15 19 14 6 6 31 41 48 16 25 26 20 38 16 8 8 11 26 11 11 32 55 64 56 53 31 14 19 26 40 24 6 28 17 7 25 16
39 30 57 40 60 48 52 48 43 46 50 45 22 34 20 20 37 23 34 53 20 46 18 11 8 6 3 2 34 33 41 33 31 15 2 3 2 3 1 2 1 1 2 5 3 4 24 16 17 12 17 7 25 26 16 12 14 27 16 9 11 9 7 6 19 34 47 31 26 29 19 33 21 17 6 8 25 18 20 28 55 68 38 36 24 13 17 32 44 30 19 18 17 10 16 14
30 50 62 26 36 52 36 47 58 48 50 33 61 59 18 28 56 37 54 44 36 22 39 20 1 2 21 23 32 27 33 46 37 19 8 10 2 3 3 5 3 4 3 7 11 9 5 5 11 15 17 27 17 30 32 38 16 31 23 20 11 8 13 7 11 24 47 43 38 42 35 10 33 30 12 6 13 20 12 25 46 60 67 12 26 21 11 23 15 37 22 26 14 24 14 5
19 40 48 37 38 32 34 63 44 68 49 38 24 62 53 47 47 41 50 32 38 45 36 8 2 3 18 22 23 39 40 5 39 30 22 19 7 3 4 4 3 3 3 4 7 5 17 6 15 22 8 34 19 23 26 35 6 25 21 31 12 13 11 7 10 15 36 30 29 27 35 32 41 35 22 12 8 5 34 23 42 54 64 47 22 13 4 25 13 24 15 17 18 21 10 19
54 65 61 15 37 30 40 52 28 63 31 28 54 32 69 29 13 33 44 31 24 27 6 8 32 27 11 13 13 15 50 33 29 23 23 30 12 7 7 6 4 6 7 5 9 14 12 20 18 20 31 30 32 33 21 35 40 32 29 21 16 8 26 33 43 38 33 25 34 24 42 54 56 44 19 21 17 14 16 13 40 49 54 67 19 18 18 8 27 10 18 16 17 13 12 6
19 30 63 55 24 33 48 50 60 59 39 19 47 34 33 54 43 31 28 20 10 14 15 33 37 31 18 14 17 20 28 23 18 8 4 29 18 8 10 10 6 5 13 11 11 16 16 21 21 8 28 16 35 29 27 45 38 38 26 11 25 3 35 33 46 47 37 35 36 39 40 48 52 42 20 16 15 12 19 25 25 34 46 71 15 16 23 15 17 18 22 16 15 11 11 10
30 65 44 31 38 10 33 41 45 44 28 18 43 57 43 52 45 37 39 25 16 11 35 20 24 12 33 33 24 31 27 7 6 21 8 17 27 15 18 10 16 11 16 21 31 27 12 25 17 8 24 12 23 36 25 31 31 17 29 31 11 9 25 35 40 28 10 8 52 44 21 44 28 27 15 19 28 18 33 34 23 35 43 55 27 24 17 21 25 34 27 30 16 5 36 41
59 64 54 30 45 39 29 24 42 53 22 14 44 47 26 38 42 39 41 38 20 9 35 35 36 35 21 35 17 14 11 25 9 13 18 20 28 11 25 13 21 22 25 24 29 29 10 13 21 17 26 23 6 20 15 20 28 23 18 17 8 8 25 40 31 23 30 22 52 45 16 33 31 27 3 23 18 26 39 32 22 32 30 39 36 29 29 6 26 31 14 25 21 7 38 21
36 44 38 49 39 9 38 10 31 14 42 37 32 28 64 58 52 43 29 53 33 43 7 11 29 36 17 17 19 9 20 14 6 11 15 21 13 5 6 16 19 13 18 12 29 12 20 28 32 30 25 34 14 9 7 10 11 8 7 7 9 11 20 32 32 50 51 43 54 41 15 10 6 12 62 55 34 28 22 37 10 22 20 27 44 29 25 33 42 46 42 48 8 3 17 19
45 59 22 20 44 37 29 36 10 44 27 30 10 38 36 60 40 34 16 41 39 45 0 10 33 30 16 23 17 11 19 21 7 11 22 11 16 9 11 6 14 8 11 10 26 32 19 32 23 37 24 32 16 12 5 7 6 8 6 5 9 10 17 34 29 44 52 45 56 37 8 28 21 46 60 38 45 45 38 20 20 6 13 25 57 45 26 28 23 41 29 32 12 7 29 18
30 39 28 38 20 12 39 20 21 43 40 26 27 15 40 35 46 38 33 29 28 59 2 11 25 31 12 16 12 8 17 14 10 9 10 11 6 9 10 10 9 7 14 19 11 23 29 41 21 34 26 29 15 20 3 4 5 3 3 4 7 9 29 32 37 29 27 36 26 22 40 46 49 40 51 29 35 38 36 24 19 23 26 28 36 55 21 8 38 24 24 27 25 17 16 28
40 53 35 39 30 32 24 32 29 41 39 34 24 28 28 44 24 17 20 34 33 59 1 9 24 30 16 24 12 18 10 10 11 13 8 7 3 10 8 11 12 20 17 9 9 16 36 39 31 37 22 30 21 32 3 4 4 5 4 4 7 7 16 32 20 14 13 14 7 38 43 47 47 26 55 17 56 40 18 30 23 22 24 16 40 55 20 23 22 20 32 34 31 31 12 26
65 60 48 43 24 19 31 19 28 35 40 23 41 25 27 43 25 22 23 39 37 53 4 9 21 25 9 31 32 10 10 14 13 11 6 19 7 20 13 16 11 17 18 17 36 35 10 8 46 50 20 21 39 35 4 3 34 39 11 1 4 3 6 7 8 6 28 31 17 48 45 36 38 46 40 38 21 28 33 40 12 11 10 15 37 56 39 29 17 22 22 17 32 35 17 30
60 39 58 49 28 28 27 18 32 35 56 31 47 19 34 33 25 16 20 33 33 47 3 12 20 22 29 32 27 21 17 15 12 15 9 26 21 26 9 4 6 11 30 32 34 23 5 28 42 41 29 29 39 33 4 12 41 24 38 16 13 12 0 2 1 9 28 22 32 34 50 47 18 24 12 12 30 18 36 38 12 12 7 11 28 40 32 11 21 23 21 35 17 33 12 26
58 43 48 48 52 50 37 32 8 22 39 31 29 18 33 27 21 16 7 20 30 25 5 5 5 5 13 20 7 10 18 20 2 24 9 27 30 17 16 7 28 28 30 31 5 7 7 27 48 45 14 21 27 24 2 13 33 25 28 37 31 20 21 25 9 20 26 25 24 32 43 44 14 22 36 30 40 26 51 42 14 7 17 19 14 24 51 44 26 31 37 44 41 37 25 19
64 44 12 10 44 37 43 33 22 5 44 39 25 20 24 28 19 10 6 11 16 6 10 15 31 40 29 22 12 15 21 22 6 26 9 27 32 17 18 16 36 30 28 10 8 10 9 18 46 51 19 11 19 17 2 9 18 15 36 18 24 20 24 22 12 15 23 25 26 32 32 39 9 27 36 21 47 52 49 41 13 5 10 8 12 19 40 48 38 16 28 42 32 35 39 33
28 28 49 52 57 54 33 22 38 38 3 19 15 9 13 12 13 7 1 1 1 6 15 17 33 26 21 19 23 26 21 14 9 15 31 8 33 13 35 34 30 16 5 2 25 25 30 27 40 39 20 19 5 5 1 5 7 11 25 26 29 21 17 17 8 16 8 25 41 48 28 30 11 36 26 17 38 40 35 28 7 9 9 12 10 17 30 46 65 56 42 34 11 11 13 21
35 39 21 37 41 34 32 26 30 41 20 24 12 5 10 11 9 2 23 33 13 16 13 18 31 17 9 14 20 24 16 8 7 25 27 11 16 5 34 38 32 11 7 5 20 21 24 19 25 38 32 25 5 5 2 3 7 8 24 19 21 17 17 13 12 17 31 20 46 51 16 8 23 34 22 12 23 26 22 21 4 7 7 8 14 21 38 49 61 51 11 19 36 34 44 35
52 55 28 33 23 51 44 29 42 18 32 40 36 21 10 3 3 4 44 37 41 29 12 20 32 28 9 12 7 9 11 12 9 24 27 21 8 20 34 26 24 7 14 21 22 23 22 28 20 46 33 19 4 2 3 2 3 4 7 8 11 10 7 7 6 9 11 21 42 32 34 37 13 42 32 20 8 9 6 6 17 5 14 16 16 21 31 42 59 57 34 35 38 30 45 51
59 54 40 38 55 35 43 26 15 41 28 18 38 29 9 8 1 10 38 47 33 26 25 10 32 10 6 9 12 10 20 13 7 2 29 25 3 21 38 28 20 9 22 39 22 18 23 20 35 33 36 14 4 1 2 1 2 3 7 8 8 8 6 5 6 8 12 20 46 44 26 37 11 35 35 23 9 6 7 10 5 9 22 8 15 16 38 44 53 62 42 31 35 30 42 44
59 57 51 33 31 58 31 44 45 40 46 41 38 37 13 11 26 20 24 28 26 13 14 17 21 13 7 6 10 5 10 8 16 9 38 37 16 17 40 38 15 15 57 60 52 46 46 19 43 51 24 42 2 1 2 1 1 3 1 2 3 3 4 4 6 7 9 13 29 43 38 55 39 19 37 26 8 7 8 10 13 11 17 13 18 17 17 27 38 35 42 40 41 30 32 53
40 43 57 39 51 62 60 49 51 45 37 42 35 33 18 7 13 19 48 44 24 12 11 9 12 8 7 3 11 8 20 19 15 11 27 37 18 16 35 47 22 19 36 39 28 39 42 24 28 42 44 41 3 2 2 2 3 1 2 2 3 2 2 3 6 7 10 11 20 27 37 44 37 42 35 33 12 7 8 8 14 20 20 12 27 19 33 30 27 25 26 41 42 36 38 52
42 51 43 34 52 36 46 57 50 40 14 24 23 23 6 2 28 46 40 21 18 9 4 3 5 6 13 16 15 32 21 14 11 1 27 33 25 10 25 34 41 41 43 34 17 30 28 19 9 4 6 2 7 16 12 18 28 21 15 9 18 31 7 4 4 2 4 8 11 13 25 33 29 39 29 28 22 11 6 7 14 33 24 28 10 17 29 39 36 35 25 17 30 50 31 15
41 46 30 23 61 55 55 58 44 29 7 29 24 10 3 5 41 54 26 12 27 20 6 4 5 3 30 29 43 43 17 12 6 7 24 40 23 6 23 31 31 45 27 33 8 22 29 29 6 6 0 3 25 44 42 31 38 39 29 23 19 18 38 12 15 16 2 5 9 10 18 28 23 27 39 31 20 7 5 4 6 21 30 5 37 13 5 14 39 34 15 31 42 51 8 18
41 38 20 20 53 50 64 62 52 45 18 18 16 3 25 45 38 22 21 25 12 17 22 5 10 15 45 18 58 55 9 10 8 17 15 36 22 7 32 31 31 21 22 32 11 16 15 9 0 2 22 46 40 52 54 39 37 42 47 45 25 16 25 35 30 28 34 2 5 6 8 10 16 13 16 16 6 10 19 20 14 33 56 41 21 31 30 19 31 24 21 27 49 40 11 14
52 52 24 31 22 26 36 35 61 56 32 18 7 1 46 40 24 11 12 20 12 19 17 5 8 20 41 20 38 56 21 10 9 22 14 32 20 17 38 18 34 34 25 34 11 8 5 1 1 4 36 42 44 57 39 40 18 2 34 42 35 29 21 38 8 21 37 2 3 4 7 9 10 9 11 11 22 20 17 19 6 21 33 11 25 6 26 13 7 18 22 22 47 43 9 15
49 54 28 29 21 31 38 39 57 54 33 21 5 34 31 29 6 13 14 15 8 23 20 5 19 33 43 43 34 15 15 11 16 21 30 28 14 22 38 40 28 20 23 14 1 1 4 1 2 3 24 41 36 36 49 46 23 14 26 12 32 38 23 27 46 39 19 2 3 2 7 16 31 36 18 16 34 32 37 37 26 28 38 24 30 12 13 11 10 11 22 21 33 33 12 30
40 48 44 44 25 32 38 42 47 38 25 18 9 49 29 12 20 23 17 14 10 29 8 6 17 28 42 44 5 25 17 10 18 21 31 21 10 13 29 29 25 17 7 1 3 3 4 2 4 3 12 24 28 14 21 22 26 7 13 20 9 9 12 19 43 43 31 3 3 3 8 15 23 25 21 9 32 36 39 44 37 40 37 32 49 13 12 13 12 10 27 37 25 12 31 13
36 25 20 41 45 41 45 57 42 37 30 11 50 29 21 25 7 9 12 19 20 40 23 3 24 27 41 38 26 21 14 12 23 22 30 15 2 2 10 9 1 4 1 2 2 2 4 6 15 19 23 21 14 23 19 34 31 30 26 23 23 19 7 5 5 37 49 18 5 4 2 2 29 28 21 16 25 40 51 46 17 22 31 9 34 19 26 12 11 19 25 37 23 21 27 28
57 49 61 26 54 56 44 47 27 32 20 6 41 16 17 10 2 7 7 15 25 42 15 17 33 28 30 40 40 31 16 16 22 30 26 12 3 2 3 0 4 3 2 2 3 2 7 13 29 28 32 38 22 31 28 10 32 26 32 30 23 18 12 8 10 12 48 33 5 4 3 6 4 11 18 10 16 27 46 53 41 32 25 16 16 29 28 13 6 18 19 24 30 24 27 22
49 40 71 71 32 16 38 23 20 20 24 0 20 5 12 12 12 15 17 18 32 33 26 34 22 4 2 3 29 42 42 25 16 25 21 10 3 4 2 6 4 4 8 10 9 7 11 14 40 36 31 43 43 40 27 32 26 32 37 26 6 5 7 9 14 10 44 35 11 25 20 9 13 6 4 9 10 11 30 35 51 52 7 21 18 13 18 16 22 13 13 12 11 8 24 29
30 34 51 57 54 47 13 25 15 22 21 2 18 9 18 18 15 19 20 20 27 25 19 22 2 1 1 2 1 8 49 26 15 23 22 10 4 1 32 53 32 27 9 11 19 21 4 16 48 47 23 24 52 40 33 37 24 27 32 28 16 10 9 13 14 10 37 39 31 33 27 18 14 7 4 7 9 8 18 24 46 53 39 9 20 16 29 24 15 7 6 10 8 9 17 23
38 39 36 36 40 41 29 10 19 24 16 1 17 22 20 22 26 32 20 18 13 4 4 3 4 2 5 7 2 1 28 43 16 32 19 3 1 7 36 34 36 39 28 27 42 38 37 26 21 31 38 41 34 13 20 19 30 22 17 28 38 31 19 10 6 9 7 10 32 43 40 35 19 22 17 1 7 7 14 18 31 32 52 43 20 10 24 32 18 23 6 6 9 10 8 7
39 41 32 32 33 41 35 19 13 21 11 2 19 17 15 21 29 13 10 14 5 3 3 2 0 5 28 32 15 6 9 46 27 34 8 2 6 21 37 34 25 35 44 41 41 39 46 33 7 17 19 39 52 44 20 13 12 12 15 22 36 37 26 14 9 13 7 4 24 45 38 43 9 4 23 1 7 8 11 21 38 34 53 50 18 16 16 24 17 16 12 10 9 6 5 5
36 29 21 20 30 36 25 36 6 19 7 1 1 3 3 4 10 15 10 2 1 2 25 41 30 34 16 20 19 8 3 14 26 4 3 15 53 45 30 29 16 14 30 32 33 31 44 51 42 36 23 21 7 30 25 31 31 32 37 32 9 12 30 32 18 10 20 21 13 19 18 33 21 15 38 32 2 7 9 16 22 25 42 51 53 20 40 38 32 32 13 11 7 8 10 2
34 33 12 22 36 38 32 27 14 16 10 2 2 4 12 30 38 33 29 6 2 4 30 23 22 23 13 22 18 6 1 3 1 3 35 48 39 24 13 15 24 21 12 20 23 19 36 39 50 49 41 39 36 15 21 28 32 19 32 43 27 15 18 24 24 12 5 21 6 16 29 38 23 23 35 33 2 5 9 16 25 25 40 48 61 36 39 46 44 41 15 11 9 9 8 9
25 18 15 34 34 21 15 35 22 8 11 14 5 3 25 27 23 32 38 45 26 9 26 26 21 9 21 24 13 1 2 4 13 34 41 27 18 30 12 11 29 20 22 25 20 16 9 3 33 41 46 44 42 41 36 46 34 41 36 35 27 5 8 4 26 30 11 15 27 10 11 24 32 8 41 33 9 1 14 14 19 28 45 48 58 62 40 25 44 49 33 29 20 21 14 9
27 26 16 36 23 16 8 32 30 23 6 9 3 3 25 28 15 21 36 38 31 17 10 33 24 13 23 26 10 2 10 18 15 39 31 16 32 8 36 30 39 32 20 17 15 9 7 6 11 27 38 39 41 40 40 51 22 27 40 35 23 18 11 13 18 26 18 16 23 14 16 16 23 39 23 20 20 4 9 12 23 18 37 42 55 54 55 60 15 31 34 32 28 28 25 14
53 49 32 25 34 36 9 14 19 27 20 5 3 3 25 32 27 13 9 44 31 36 34 7 37 25 29 30 20 2 41 35 46 15 46 47 26 39 40 31 30 22 20 20 18 14 11 13 9 7 12 11 19 30 33 28 14 9 8 11 17 21 24 12 12 5 17 18 23 20 17 23 19 32 26 10 12 7 1 15 31 36 55 53 30 27 50 50 51 46 35 27 24 22 21 13
62 59 45 4 38 40 19 15 25 38 17 8 4 21 34 36 18 4 31 48 44 14 30 7 42 28 31 30 24 1 51 38 61 52 40 26 42 44 24 1 14 14 20 12 6 3 8 17 11 8 21 19 4 7 20 20 12 7 5 7 12 13 22 14 12 9 8 13 24 23 20 18 23 17 33 13 7 6 1 12 38 42 44 41 14 36 44 45 49 39 37 25 20 18 3 34
51 56 58 52 33 46 34 41 45 31 8 4 45 47 24 20 14 26 23 36 15 26 19 10 34 29 23 40 18 4 35 46 22 16 36 47 23 39 41 41 40 37 31 31 23 21 15 27 18 17 20 24 30 28 30 28 3 2 10 12 6 8 14 16 6 12 16 20 18 19 31 33 8 26 29 19 7 6 1 13 27 41 35 30 36 34 31 32 37 10 45 41 42 46 52 38
64 48 37 53 30 43 31 49 8 5 1 2 40 42 29 31 25 21 15 20 4 22 29 25 27 17 31 42 27 14 18 47 56 54 39 15 49 23 47 39 45 23 33 28 13 21 10 14 13 14 7 10 21 21 27 33 31 27 26 28 11 5 12 11 18 20 25 25 14 16 7 34 19 15 25 16 6 5 1 12 24 45 31 36 26 29 19 41 29 34 27 42 33 48 53 38
48 53 30 51 47 36 16 3 6 6 14 6 17 24 35 28 25 9 14 16 10 15 44 40 36 32 23 34 23 32 7 2 23 34 29 38 22 47 48 14 40 26 28 36 30 30 23 22 19 24 12 13 18 18 16 13 6 7 9 21 29 31 3 20 25 19 15 26 25 23 14 24 30 15 27 13 3 4 3 2 17 34 50 40 47 50 37 22 41 46 31 25 25 26 36 43
5 7 7 13 24 20 1 8 9 13 7 16 3 14 31 33 28 25 17 9 17 18 35 29 26 22 23 43 50 46 19 3 5 23 28 39 45 20 35 24 35 24 23 29 24 29 27 14 15 9 9 14 25 21 24 31 32 35 13 7 14 25 7 27 30 6 15 18 11 20 20 20 30 14 21 11 7 4 5 5 7 17 29 33 38 36 40 29 50 47 23 19 30 21 25 33
51 47 45 37 4 7 16 10 6 8 12 16 29 19 9 17 55 34 30 19 15 9 8 27 27 32 28 52 27 39 43 28 2 14 39 32 41 47 40 28 58 53 19 20 7 29 17 19 23 21 21 27 32 30 43 30 28 25 20 16 24 21 13 32 26 15 15 13 14 8 17 12 42 43 46 32 10 3 9 8 13 4 7 11 13 9 32 30 16 14 15 18 20 23 23 38
36 31 25 27 14 10 9 5 11 8 15 18 25 38 24 32 28 35 27 33 44 37 17 18 23 37 16 48 21 8 52 41 13 3 48 45 46 43 43 46 13 26 15 16 6 28 15 24 29 20 30 24 17 12 27 13 15 23 22 18 16 24 17 25 40 21 10 8 10 9 15 7 23 30 28 36 12 2 10 15 13 10 5 2 9 11 11 4 4 1 11 14 11 17 27 32
8 2 21 23 22 24 19 12 15 16 23 23 22 35 41 39 38 38 36 51 39 30 49 33 32 49 18 32 38 28 64 60 34 11 7 6 2 2 32 38 39 17 46 43 13 19 17 12 8 11 23 11 22 23 24 19 8 3 28 29 24 26 9 26 33 20 27 21 14 8 11 18 17 11 29 36 9 2 9 17 19 26 16 13 19 9 24 30 54 50 34 25 13 5 25 33
13 11 25 27 24 23 21 23 18 19 26 23 23 31 32 41 13 36 62 41 35 41 15 52 28 41 10 32 32 27 55 58 37 14 28 18 11 9 50 51 4 29 33 29 6 5 32 20 19 26 20 7 16 15 23 28 15 8 29 27 34 27 13 25 33 25 21 9 22 16 4 19 11 15 34 25 6 2 7 11 13 21 34 20 35 26 19 25 40 42 39 39 25 17 21 21
20 22 12 22 27 28 28 27 32 17 19 18 28 34 29 11 38 37 38 14 33 25 48 32 52 61 34 18 44 18 68 57 38 53 48 45 29 27 19 19 38 67 47 49 50 62 18 28 22 10 22 19 23 27 29 20 30 18 8 5 10 7 27 27 12 31 15 15 17 18 15 12 22 15 18 13 4 1 11 10 23 17 10 21 5 12 27 28 49 4 48 51 55 34 6 27
24 26 14 13 28 30 30 28 25 20 26 9 24 29 35 23 38 49 18 38 50 41 47 39 16 51 59 17 36 39 48 63 40 63 53 51 34 36 56 37 29 66 51 45 55 68 27 14 36 16 19 24 16 14 28 33 22 13 10 8 5 7 24 28 17 23 14 15 9 5 11 13 28 11 20 12 4 2 24 19 21 19 24 20 7 13 13 19 49 18 27 36 52 61 56 51
32 35 15 12 18 17 16 18 22 28 27 35 26 33 37 30 20 37 53 21 56 34 51 52 60 57 29 28 28 33 26 46 56 42 55 35 47 40 50 50 20 16 14 32 52 63 65 71 45 44 22 22 22 27 35 27 31 19 4 13 24 20 14 13 14 18 29 26 23 28 25 26 27 28 10 9 7 3 22 21 14 16 8 8 12 19 30 35 29 6 20 4 24 28 14 40
35 40 29 16 16 17 14 15 19 25 39 35 29 32 63 34 30 53 56 47 43 40 44 56 63 29 34 49 53 41 32 55 66 26 34 52 52 47 55 56 27 51 33 22 62 63 58 57 67 55 66 38 15 8 23 30 48 42 31 31 30 23 13 16 8 17 20 21 20 14 4 29 27 23 4 10 17 8 12 3 8 7 7 4 18 18 33 45 15 15 8 20 21 20 27 34
