landfire_data/ASP2020.asc
ncols        218
nrows        221
xllcorner    -2089905.000000000000
yllcorner    1491735.000000000000
cellsize     90.000000000000
NODATA_value -9999
[rows 0 to 44 of 221, columns 0 to 95 of 218]
-9999 -9999 -9999 -9999 -9999 -9999 -9999 -9999 -9999 -9999 -9999 -9999 -9999 -9999 -9999 -9999 -9999 -9999 -9999 -9999 -9999 -9999 -9999 -9999 -9999 -9999 -9999 -9999 -9999 -9999 -9999 -9999 -9999 -9999 -9999 -9999 -9999 -9999 -9999 -9999 -9999 -9999 -9999 -9999 -9999 -9999 -9999 -9999 -9999 -9999 -9999 -9999 -9999 -9999 -9999 -9999 -9999 -9999 -9999 -9999 -9999 -9999 -9999 -9999 -9999 -9999 -9999 -9999 -9999 -9999 -9999 -9999 -9999 -9999 -9999 -9999 -9999 -9999 -9999 -9999 -9999 -9999 -9999 -9999 -9999 -9999 -9999 -9999 -9999 -9999 -9999 -9999 -9999 -9999 -9999 -9999
133 176 164 134 155 97 83 -1 202 218 262 8 47 63 181 207 212 134 124 97 238 240 260 255 176 151 172 166 241 218 242 12 85 139 135 119 323 30 228 97 137 158 128 173 110 72 258 268 146 149 199 240 77 49 2 333 287 345 73 89 71 68 -1 -1 -1 69 -1 219 -1 -1 258 251 269 280 161 129 174 151 160 174 236 97 95 27 8 35 221 220 260 267 106 194 116 121 108 251
152 197 143 230 191 109 95 261 206 200 238 228 104 103 95 135 176 144 100 97 285 327 201 180 179 231 329 320 319 325 279 28 62 66 333 315 50 29 352 78 354 0 43 76 -1 77 210 196 307 312 313 286 121 177 203 202 204 184 31 34 54 69 -1 -1 -1 -1 41 -1 -1 243 234 227 179 175 303 128 173 183 210 261 265 316 353 23 92 74 62 220 190 213 122 243 186 107 100 249
150 195 154 219 217 102 110 276 358 290 235 214 100 96 18 17 141 148 114 102 268 336 346 304 310 303 339 325 304 329 229 160 72 79 308 311 66 330 61 52 353 74 107 351 355 5 204 226 282 324 295 345 136 202 230 240 246 276 9 22 32 53 -1 -1 -1 -1 44 52 201 254 232 249 313 302 98 111 186 194 277 277 263 231 117 112 73 341 62 42 208 216 143 233 212 135 148 258
5 7 23 2 163 159 294 315 292 8 290 303 70 46 319 20 356 59 89 88 240 241 54 27 236 199 233 243 110 131 150 189 76 19 255 134 -1 269 97 124 106 101 309 317 137 132 71 234 197 178 260 76 296 312 327 320 311 299 105 44 27 51 120 -1 184 153 -1 -1 -1 215 206 239 181 179 133 140 252 276 214 183 174 183 356 3 58 2 31 71 143 221 223 185 144 139 262 280
356 10 359 1 53 137 279 309 213 174 212 223 43 348 108 125 64 73 102 91 252 227 203 -1 304 297 301 298 94 112 185 175 162 290 155 124 189 198 89 96 108 3 308 102 119 139 109 257 300 311 298 83 269 282 335 321 205 186 179 128 128 80 -1 -1 -1 -1 -1 -1 36 -1 215 213 152 169 140 224 259 233 146 206 152 210 283 349 29 42 103 85 68 225 195 171 148 152 286 286
157 172 106 121 101 207 227 171 156 181 249 256 147 163 100 100 191 95 132 -1 203 193 200 191 202 209 220 172 154 97 201 162 292 278 42 49 237 255 26 353 345 336 17 25 1 23 69 259 286 196 177 128 302 237 149 210 171 172 190 107 112 101 89 -1 -1 -1 -1 -1 -1 -1 -1 208 162 277 295 292 205 236 82 207 275 273 180 177 151 61 110 128 92 90 185 150 299 304 254 246
146 228 57 55 79 -1 211 156 297 314 296 296 140 148 108 70 205 94 -1 -1 280 323 212 242 242 254 155 198 140 123 193 279 308 317 25 52 251 274 15 7 341 -1 67 56 36 50 66 238 163 161 169 189 176 167 188 243 179 182 237 42 79 115 105 -1 -1 -1 -1 -1 -1 -1 52 -1 263 290 330 350 283 288 72 132 241 167 160 195 176 144 46 14 73 99 158 168 282 249 256 201
102 251 94 75 95 275 354 0 249 237 245 87 71 58 43 4 8 18 37 -1 259 247 347 338 298 201 131 223 74 107 231 197 206 213 126 116 189 173 144 151 175 154 228 60 81 47 92 -1 308 318 287 350 346 324 190 124 211 205 269 77 81 93 125 -1 -1 -1 -1 -1 -1 -1 -1 80 215 217 242 -1 309 275 67 125 287 280 108 243 191 162 163 137 98 134 182 231 218 199 182 135
99 234 117 113 104 264 292 25 210 209 234 61 34 358 341 351 21 48 77 71 272 290 335 325 116 209 117 244 89 115 326 307 287 258 46 6 10 27 330 353 55 174 241 160 15 31 79 219 237 179 180 196 155 222 168 130 260 289 285 58 74 85 125 -1 -1 -1 -1 -1 -1 -1 -1 72 200 231 238 200 242 128 100 128 280 290 108 224 165 168 139 143 104 155 255 191 231 186 144 136
135 187 169 110 297 297 243 260 339 346 267 281 17 27 69 82 114 94 67 -1 231 209 152 193 108 188 135 200 258 291 237 145 166 226 161 166 125 110 296 112 134 81 145 158 161 158 78 20 214 184 245 211 196 199 140 267 254 258 253 85 62 72 99 -1 -1 -1 -1 -1 -1 -1 -1 -1 68 252 223 237 199 146 113 266 255 89 133 256 93 225 4 35 58 190 189 170 231 182 136 143
2 23 168 125 272 286 315 280 338 348 288 268 26 19 39 37 54 83 91 -1 230 230 156 177 131 185 324 329 243 206 169 147 259 274 94 144 97 353 96 96 135 100 4 11 44 96 104 141 -1 299 209 171 187 188 291 315 306 311 308 59 71 72 95 -1 -1 -1 -1 -1 -1 -1 -1 -1 83 250 242 252 177 125 214 266 294 54 176 242 76 199 145 106 40 42 191 172 222 174 141 150
100 93 25 66 252 265 271 144 151 169 261 143 136 155 136 193 74 84 128 284 345 338 321 338 316 266 352 305 29 18 329 313 257 266 20 22 354 9 27 0 10 43 143 163 45 34 90 68 197 219 296 313 335 33 344 273 261 275 73 79 88 73 99 -1 -1 -1 -1 -1 -1 -1 -1 -1 96 243 242 237 88 89 302 305 166 94 173 237 169 98 166 156 129 91 197 141 149 194 130 142
114 310 53 68 252 245 183 116 165 221 180 165 132 138 151 177 101 87 -1 272 298 319 319 339 31 235 202 254 47 7 350 302 322 285 93 18 109 150 178 79 122 123 149 168 174 156 117 113 -1 256 231 243 273 50 3 15 284 278 31 63 35 36 93 -1 -1 -1 -1 -1 -1 -1 -1 -1 82 246 226 238 110 226 239 149 162 151 214 169 175 148 173 148 129 115 181 138 -1 177 132 132
330 342 83 87 256 207 188 114 234 231 230 255 55 63 45 59 147 111 -1 270 325 321 202 221 343 349 272 173 337 24 336 -1 125 161 219 174 128 104 100 162 126 46 25 77 117 167 129 77 216 240 347 338 221 216 5 351 340 290 81 86 104 72 63 100 -1 -1 -1 -1 -1 -1 -1 -1 80 244 -1 223 84 224 155 130 142 147 161 148 148 149 152 147 123 129 -1 142 131 125 -1 -1
13 118 110 89 195 181 186 121 249 204 240 216 97 48 10 23 18 30 260 251 231 156 204 205 179 162 181 206 204 321 75 110 137 140 255 116 121 142 98 111 154 161 128 128 12 2 103 114 284 279 279 335 4 276 198 281 359 301 75 84 100 63 70 88 -1 -1 -1 -1 -1 -1 -1 -1 76 245 -1 206 152 219 159 148 148 115 143 140 154 156 156 142 120 143 -1 139 -1 -1 -1 -1
100 71 333 358 25 -1 176 233 194 304 -1 163 199 211 44 27 85 115 85 245 160 177 271 248 310 314 292 304 313 271 73 66 99 122 165 145 25 12 5 33 12 1 348 311 91 94 110 96 266 222 228 235 244 350 242 253 204 197 94 99 121 120 62 73 -1 -1 -1 -1 -1 -1 -1 -1 76 247 -1 -1 -1 157 198 169 143 150 151 133 150 161 165 148 137 -1 -1 -1 -1 -1 -1 -1
4 9 302 9 38 15 -1 209 277 269 126 167 221 231 117 121 86 116 -1 240 282 309 338 333 337 321 282 263 239 264 108 71 72 104 114 142 181 182 35 64 18 44 322 90 83 9 58 83 252 292 268 230 212 187 192 196 254 -1 95 111 120 -1 74 75 -1 -1 -1 -1 -1 -1 -1 -1 79 227 -1 -1 100 -1 207 193 142 151 154 137 135 165 172 149 -1 -1 -1 -1 -1 -1 -1 -1
224 116 104 109 158 149 93 268 193 169 131 202 250 158 137 124 101 103 -1 248 329 325 214 203 192 221 172 144 256 217 116 141 100 78 85 89 212 236 118 -1 132 88 114 140 167 158 94 95 265 303 37 292 250 258 293 294 160 134 100 100 155 152 96 80 -1 -1 -1 -1 -1 -1 -1 -1 83 79 -1 -1 -1 126 190 174 153 162 129 149 32 316 159 178 -1 -1 -1 -1 -1 -1 -1 -1
206 113 183 63 74 144 146 180 173 177 194 280 274 332 32 12 50 86 236 252 265 353 287 269 232 167 163 213 239 174 122 143 135 94 183 72 227 214 163 147 150 124 13 4 7 38 120 99 259 252 27 318 330 324 307 294 147 132 118 114 151 145 112 87 -1 -1 163 -1 -1 -1 -1 -1 -1 84 -1 242 224 117 -1 -1 169 167 107 -1 -1 -1 -1 -1 -1 -1 -1 -1 -1 -1 -1 -1
207 120 147 133 14 309 39 55 117 172 225 230 254 172 67 82 96 84 -1 239 211 231 174 179 171 136 280 298 49 67 148 219 55 48 165 148 211 220 172 241 51 117 206 102 96 104 97 -1 202 186 208 208 232 247 158 178 130 144 133 126 146 132 105 102 -1 -1 -1 -1 -1 -1 -1 -1 -1 79 -1 -1 153 168 -1 -1 -1 -1 -1 -1 -1 -1 -1 -1 -1 -1 -1 -1 -1 -1 -1 -1
182 146 5 334 24 302 41 5 18 40 226 267 199 152 -1 54 54 82 -1 255 244 239 181 172 183 273 291 275 71 81 86 227 67 68 29 87 245 -1 221 259 64 58 244 62 40 53 83 329 253 280 332 333 305 282 160 167 127 137 133 143 146 136 105 121 -1 -1 -1 -1 -1 -1 -1 -1 -1 83 209 136 -1 -1 159 153 -1 -1 -1 -1 -1 -1 -1 -1 -1 -1 -1 -1 -1 -1 -1 -1
346 356 347 59 8 -1 162 156 132 90 199 213 261 291 97 82 112 108 67 208 296 239 312 318 295 295 108 192 76 47 58 152 184 60 65 57 161 176 240 175 174 137 230 194 101 78 -1 262 238 277 207 161 157 153 130 171 149 134 134 134 145 145 121 -1 -1 -1 -1 -1 -1 -1 -1 -1 -1 80 -1 146 -1 -1 -1 -1 -1 -1 157 207 -1 -1 -1 -1 -1 -1 -1 -1 -1 -1 -1 -1
340 356 97 82 57 110 41 34 81 81 58 212 303 295 136 114 108 -1 99 271 316 333 324 330 307 307 86 168 203 69 51 64 207 147 115 125 63 156 190 161 158 150 231 173 124 112 274 234 269 255 165 149 160 176 145 141 143 136 145 138 146 148 -1 -1 -1 -1 -1 -1 -1 -1 -1 -1 -1 82 -1 137 180 -1 -1 -1 -1 -1 9 300 -1 -1 -1 -1 -1 -1 -1 -1 -1 -1 -1 -1
38 48 44 23 11 337 9 86 99 94 84 246 233 258 99 109 -1 -1 262 271 192 193 164 172 264 261 78 92 225 213 119 104 214 151 131 143 129 97 179 148 149 108 205 156 107 103 -1 240 227 173 161 178 142 135 163 140 136 130 146 145 150 138 -1 -1 -1 -1 -1 -1 -1 -1 -1 -1 -1 96 228 -1 90 -1 175 173 -1 -1 -1 -1 -1 -1 154 -1 -1 -1 -1 -1 -1 -1 -1 -1
138 152 138 189 349 6 105 118 106 84 94 267 297 299 23 35 -1 105 236 224 188 193 199 263 277 175 84 76 237 152 113 123 204 155 132 143 130 94 183 150 149 117 199 158 92 79 -1 199 210 180 152 161 155 149 163 144 136 129 151 147 151 -1 -1 -1 -1 -1 -1 -1 -1 -1 -1 -1 -1 -1 235 -1 -1 -1 -1 -1 -1 -1 -1 -1 154 176 -1 -1 -1 -1 -1 -1 -1 -1 -1 -1
145 145 149 225 33 37 10 15 83 98 86 229 235 169 73 54 41 53 273 255 303 296 320 312 185 131 147 120 208 156 130 104 217 148 147 144 153 136 168 157 152 137 177 159 103 133 -1 -1 212 189 156 153 162 162 162 160 151 145 165 -1 -1 -1 -1 -1 -1 -1 -1 -1 -1 -1 -1 -1 -1 -1 241 -1 -1 -1 -1 -1 -1 -1 -1 -1 170 263 -1 -1 -1 -1 -1 -1 -1 -1 -1 -1
108 143 188 240 297 14 9 48 47 77 110 252 127 224 359 24 53 52 -1 245 230 257 156 154 163 158 150 127 165 157 146 124 184 154 149 131 175 149 134 156 152 144 162 159 99 -1 -1 -1 200 177 163 161 165 171 163 159 151 159 -1 -1 -1 -1 -1 -1 -1 -1 -1 -1 -1 -1 -1 -1 -1 -1 240 -1 -1 -1 -1 -1 -1 -1 -1 -1 346 289 -1 -1 -1 -1 -1 -1 -1 -1 -1 -1
116 103 224 239 176 183 134 125 103 48 -1 198 287 302 254 119 86 83 221 256 289 220 157 138 167 208 136 105 145 142 125 142 170 151 143 163 183 183 151 153 128 152 146 152 -1 -1 -1 -1 -1 151 -1 129 166 168 177 -1 -1 -1 -1 -1 -1 -1 -1 -1 -1 -1 -1 -1 -1 -1 -1 -1 -1 -1 245 -1 -1 -1 -1 -1 -1 -1 -1 -1 -1 -1 -1 -1 -1 -1 -1 -1 -1 -1 -1 -1
122 144 241 203 243 264 67 63 11 53 39 55 235 226 167 112 102 95 248 260 206 144 168 146 169 204 158 133 143 146 129 138 160 143 153 179 184 175 161 154 129 147 158 -1 -1 -1 -1 -1 -1 -1 -1 -1 -1 -1 -1 -1 -1 -1 -1 -1 -1 -1 -1 -1 -1 -1 -1 -1 -1 -1 -1 -1 -1 -1 -1 -1 -1 -1 -1 -1 -1 -1 -1 -1 -1 -1 -1 -1 -1 -1 -1 -1 -1 -1 -1 -1
114 93 205 267 257 132 111 104 145 118 -1 75 242 218 215 47 90 108 -1 223 183 130 143 175 162 162 157 139 147 145 165 154 112 111 167 183 184 175 185 153 143 -1 -1 -1 -1 -1 -1 -1 -1 -1 -1 -1 -1 -1 -1 -1 -1 -1 -1 -1 -1 -1 -1 -1 -1 -1 -1 -1 -1 -1 -1 -1 -1 -1 74 -1 -1 -1 -1 -1 -1 -1 -1 -1 -1 -1 -1 -1 -1 -1 -1 -1 -1 -1 -1 -1
146 73 211 222 243 97 133 71 18 41 -1 109 252 193 202 132 92 107 -1 214 183 152 156 156 168 155 154 146 146 159 178 165 128 121 -1 -1 170 194 191 155 -1 -1 -1 -1 -1 -1 -1 -1 -1 -1 -1 -1 -1 -1 -1 -1 -1 -1 -1 -1 -1 -1 -1 -1 -1 -1 -1 -1 -1 -1 -1 -1 -1 -1 89 223 -1 -1 -1 -1 -1 -1 -1 -1 -1 -1 -1 -1 -1 -1 -1 -1 -1 -1 -1 -1
150 96 109 246 149 176 205 173 142 114 129 -1 226 204 163 149 145 146 -1 -1 -1 -1 144 147 157 141 -1 -1 -1 -1 -1 -1 146 -1 -1 -1 -1 -1 -1 -1 -1 -1 -1 -1 -1 -1 -1 -1 -1 -1 -1 -1 -1 -1 -1 -1 -1 -1 -1 -1 -1 -1 -1 -1 -1 -1 -1 -1 -1 -1 -1 -1 -1 -1 -1 -1 -1 -1 -1 -1 -1 -1 -1 -1 -1 -1 -1 -1 -1 -1 -1 -1 -1 -1 -1 -1
145 109 90 240 127 184 192 149 149 144 143 -1 191 181 151 144 157 164 -1 -1 -1 -1 -1 -1 -1 -1 -1 -1 -1 -1 -1 154 -1 -1 -1 -1 -1 -1 -1 -1 -1 -1 -1 -1 -1 -1 -1 -1 -1 -1 -1 -1 -1 -1 -1 -1 -1 -1 -1 -1 -1 -1 -1 -1 -1 -1 -1 -1 -1 -1 -1 -1 -1 -1 -1 -1 -1 -1 -1 -1 -1 -1 -1 -1 -1 -1 -1 -1 -1 -1 -1 -1 -1 -1 -1 -1
129 175 140 153 152 160 152 156 160 158 -1 -1 -1 -1 -1 -1 -1 -1 -1 -1 -1 -1 -1 -1 -1 -1 -1 -1 -1 -1 -1 -1 -1 -1 -1 -1 -1 -1 -1 -1 -1 -1 -1 -1 -1 -1 -1 -1 -1 -1 -1 -1 -1 -1 -1 -1 -1 -1 -1 -1 -1 -1 -1 -1 -1 -1 -1 -1 -1 -1 -1 -1 -1 -1 -1 -1 -1 -1 -1 -1 -1 -1 132 160 146 -1 -1 -1 -1 -1 -1 -1 -1 -1 -1 -1
151 160 170 155 142 152 130 146 -1 -1 -1 -1 -1 -1 -1 -1 -1 -1 -1 -1 -1 -1 -1 -1 -1 -1 -1 -1 -1 -1 -1 -1 -1 -1 -1 -1 -1 -1 -1 -1 -1 -1 -1 -1 -1 -1 -1 -1 -1 -1 153 157 158 166 169 176 180 -1 -1 -1 -1 -1 -1 -1 -1 -1 -1 -1 -1 -1 -1 -1 300 311 136 -1 -1 -1 -1 -1 -1 147 -1 -1 -1 -1 -1 -1 -1 -1 -1 -1 -1 -1 -1 -1
-1 166 178 179 130 131 -1 -1 -1 -1 -1 -1 -1 99 -1 -1 -1 -1 -1 -1 -1 -1 -1 -1 -1 -1 -1 -1 -1 -1 -1 -1 -1 -1 -1 -1 -1 -1 -1 -1 -1 -1 -1 -1 -1 139 148 -1 -1 -1 -1 -1 -1 -1 -1 -1 -1 -1 -1 -1 -1 -1 -1 -1 -1 -1 -1 -1 -1 -1 -1 -1 -1 -1 245 -1 -1 -1 -1 -1 -1 -1 -1 -1 -1 -1 -1 -1 -1 -1 -1 -1 -1 -1 -1 -1
112 -1 186 190 124 -1 -1 -1 -1 -1 -1 -1 -1 -1 -1 -1 -1 -1 -1 -1 -1 -1 -1 -1 -1 -1 -1 -1 -1 -1 -1 -1 -1 -1 -1 -1 -1 -1 -1 -1 -1 -1 -1 -1 149 130 -1 -1 -1 -1 -1 -1 -1 -1 -1 -1 -1 -1 -1 -1 -1 -1 -1 -1 -1 -1 -1 -1 -1 -1 -1 -1 -1 -1 258 -1 -1 -1 -1 -1 -1 -1 -1 -1 -1 -1 -1 -1 -1 -1 -1 -1 -1 -1 -1 -1
121 -1 -1 177 -1 -1 -1 -1 -1 -1 -1 -1 -1 -1 -1 -1 -1 -1 -1 -1 -1 -1 -1 -1 -1 -1 -1 -1 -1 -1 -1 -1 -1 -1 -1 -1 -1 -1 -1 -1 -1 -1 110 -1 -1 -1 -1 -1 -1 -1 -1 -1 -1 -1 -1 -1 -1 -1 9 -1 -1 -1 -1 -1 163 162 165 153 -1 240 15 -1 -1 96 -1 -1 -1 -1 -1 -1 -1 -1 -1 -1 -1 -1 -1 -1 -1 -1 -1 -1 -1 -1 -1 -1
-1 -1 -1 -1 -1 -1 -1 -1 -1 -1 -1 -1 -1 -1 -1 -1 -1 -1 -1 -1 -1 -1 -1 -1 -1 -1 -1 -1 -1 -1 -1 -1 -1 -1 -1 -1 -1 -1 -1 -1 -1 -1 -1 -1 -1 -1 -1 -1 -1 -1 -1 -1 -1 -1 -1 -1 320 -1 140 -1 -1 -1 -1 -1 -1 -1 -1 -1 -1 236 176 118 142 119 -1 -1 -1 -1 148 -1 -1 -1 -1 -1 -1 -1 -1 -1 -1 -1 -1 -1 -1 -1 -1 -1
-1 -1 -1 -1 -1 -1 -1 -1 -1 -1 -1 -1 -1 -1 -1 -1 -1 -1 -1 -1 -1 -1 -1 -1 -1 -1 -1 -1 -1 -1 -1 -1 -1 -1 -1 -1 -1 -1 -1 -1 -1 -1 -1 -1 -1 -1 -1 -1 -1 -1 -1 -1 323 335 -1 -1 -1 -1 -1 -1 -1 -1 -1 -1 -1 161 166 166 -1 -1 -1 -1 -1 -1 -1 -1 -1 -1 -1 -1 -1 -1 -1 -1 -1 -1 -1 -1 -1 -1 -1 -1 -1 -1 -1 -1
-1 -1 -1 -1 -1 -1 -1 -1 -1 -1 -1 -1 -1 -1 -1 -1 -1 -1 -1 -1 -1 -1 -1 -1 -1 -1 -1 -1 -1 -1 -1 -1 -1 -1 -1 -1 -1 -1 -1 -1 -1 -1 -1 -1 -1 -1 -1 -1 -1 -1 321 344 -1 147 -1 -1 -1 -1 -1 -1 -1 159 163 164 155 -1 -1 -1 -1 -1 -1 -1 -1 -1 -1 -1 -1 -1 -1 -1 -1 -1 -1 -1 -1 -1 -1 -1 -1 -1 -1 -1 -1 -1 330 349
-1 -1 -1 -1 -1 -1 -1 -1 -1 -1 -1 -1 -1 -1 -1 -1 -1 -1 -1 -1 -1 -1 -1 -1 -1 -1 -1 -1 -1 -1 -1 -1 -1 -1 -1 -1 -1 -1 -1 -1 -1 -1 -1 -1 -1 -1 -1 -1 -1 -1 -1 -1 -1 -1 -1 -1 151 156 -1 -1 -1 -1 -1 -1 -1 -1 -1 -1 -1 330 -1 -1 -1 -1 -1 -1 -1 -1 -1 -1 -1 -1 -1 -1 -1 -1 -1 -1 -1 -1 321 329 318 338 278 286
-1 -1 -1 -1 -1 -1 -1 -1 -1 -1 -1 -1 -1 -1 -1 -1 -1 -1 -1 -1 -1 -1 -1 -1 -1 -1 -1 -1 -1 -1 -1 -1 -1 -1 -1 -1 -1 -1 -1 -1 -1 -1 -1 -1 -1 -1 -1 -1 -1 -1 -1 -1 -1 -1 152 154 -1 -1 -1 -1 -1 -1 -1 -1 -1 -1 -1 -1 325 328 348 351 351 -1 -1 -1 -1 -1 -1 -1 -1 -1 -1 -1 -1 -1 -1 -1 330 329 303 305 303 353 268 250
-1 -1 -1 -1 -1 -1 -1 -1 -1 -1 -1 -1 -1 -1 -1 -1 -1 -1 -1 -1 -1 -1 -1 -1 -1 -1 -1 -1 -1 -1 -1 -1 -1 -1 -1 -1 -1 -1 -1 -1 -1 -1 -1 -1 -1 -1 -1 -1 -1 -1 -1 -1 131 -1 -1 -1 -1 -1 -1 -1 -1 333 -1 -1 -1 -1 292 -1 -1 -1 -1 -1 10 0 -1 -1 -1 326 323 327 333 336 34 353 350 329 3 335 27 56 299 8 231 206 335 303
