landfire_data/ASP2020.asc
ncols        218
nrows        221
xllcorner    -2089905.000000000000
yllcorner    1491735.000000000000
cellsize     90.000000000000
NODATA_value -9999
[rows 90 to 134 of 221, columns 0 to 95 of 218]
26 36 252 261 323 315 327 325 313 348 38 62 96 102 297 301 76 85 263 284 244 228 198 218 293 280 197 240 284 167 194 -1 42 30 170 209 232 209 117 115 163 218 274 280 172 186 263 45 34 28 86 119 190 166 210 150 135 180 165 187 250 74 144 122 259 273 279 238 240 221 166 99 100 -1 217 163 206 222 264 69 100 119 65 248 228 261 94 150 181 195 69 76 103 264 1 60
34 46 23 259 290 302 312 331 308 337 51 57 109 113 278 286 55 39 265 276 276 278 195 222 280 197 276 283 260 112 188 175 77 96 76 194 229 196 69 62 108 249 256 209 195 256 274 9 12 19 45 90 177 187 263 145 96 177 198 272 305 89 82 87 269 253 338 341 307 308 126 113 87 258 183 142 245 273 296 59 72 96 99 79 274 278 80 117 175 236 69 58 75 236 155 90
94 91 71 249 241 240 262 275 307 290 73 61 69 260 338 270 112 105 313 277 170 205 195 192 294 250 230 254 77 125 158 207 76 66 82 71 194 218 109 99 274 277 299 300 251 248 225 241 101 102 78 71 265 278 141 61 125 208 282 294 104 150 101 110 283 301 297 4 205 231 83 77 109 288 319 306 322 320 63 45 18 36 31 52 267 258 108 87 262 227 228 71 86 236 176 101
76 58 68 268 239 244 261 269 134 198 67 78 45 296 350 297 50 64 277 359 0 340 225 271 240 175 205 225 42 67 168 249 144 82 57 78 171 201 142 101 264 275 320 329 332 295 276 229 115 104 88 78 247 216 190 128 149 250 222 211 68 50 112 -1 274 277 236 133 187 220 128 76 105 268 303 311 287 282 95 34 65 55 73 73 251 220 104 104 245 145 224 110 80 238 150 114
165 83 32 304 225 210 199 217 134 250 28 33 40 291 314 20 24 2 348 274 66 329 15 233 182 221 301 287 68 67 152 203 166 227 73 71 116 105 100 121 270 296 255 268 136 151 189 170 156 112 146 116 208 166 186 151 239 242 139 180 196 206 91 248 264 246 142 148 263 105 103 153 265 254 234 224 214 209 125 247 50 62 71 118 232 181 80 103 218 193 123 125 116 175 157 269
188 152 268 311 326 289 262 269 213 265 310 33 22 301 315 15 5 10 346 292 13 306 42 340 302 296 308 300 50 38 67 166 199 201 77 79 119 103 112 261 269 264 294 286 85 131 181 187 123 105 26 54 201 200 340 304 319 274 43 63 205 191 192 272 237 196 145 180 252 83 100 112 263 263 243 238 228 177 145 250 53 36 64 -1 202 187 60 74 235 284 134 120 121 -1 332 358
59 352 322 357 214 196 257 244 237 232 261 235 13 327 186 74 39 25 340 339 358 328 357 320 333 302 274 193 107 80 62 66 141 254 60 62 58 112 -1 276 270 256 233 244 57 32 50 193 274 353 40 62 -1 253 313 320 30 39 169 190 102 135 284 263 350 110 216 283 236 140 36 62 234 226 293 291 123 118 226 207 122 160 88 61 235 240 80 74 250 218 98 125 266 275 38 326
340 333 313 339 355 310 275 83 252 253 214 189 139 177 182 143 86 236 340 340 354 346 355 324 333 325 162 187 103 68 51 68 139 250 80 55 86 99 271 283 326 316 319 294 28 9 44 81 216 184 136 106 135 242 236 166 147 106 38 -1 138 302 322 323 94 102 277 287 132 151 139 83 256 287 283 283 132 112 242 178 121 145 84 83 250 243 122 88 234 205 114 110 294 241 306 314
338 351 318 336 349 343 48 97 254 259 258 74 76 215 201 221 64 94 202 160 205 196 269 296 349 61 114 203 210 108 98 92 135 189 192 126 108 111 280 292 307 324 164 114 183 199 63 73 227 241 57 55 91 226 209 133 233 72 146 107 300 315 307 358 70 81 239 261 171 93 128 167 272 282 259 143 76 85 154 267 68 88 160 88 240 230 124 101 185 168 125 299 277 296 99 128
348 354 317 329 347 352 78 87 222 202 258 102 76 160 209 228 64 66 211 154 208 202 234 227 134 107 63 173 208 106 104 83 135 137 198 132 111 -1 291 291 271 155 148 157 159 206 68 64 216 218 103 70 78 245 141 154 195 107 124 -1 271 278 128 134 94 74 272 289 148 175 57 263 277 291 -1 129 89 87 250 264 77 66 142 88 262 277 140 123 160 147 297 312 302 297 89 117
220 312 256 294 94 104 101 100 276 281 267 69 79 90 217 219 73 73 184 221 209 227 227 200 103 122 106 76 227 92 69 57 17 80 151 146 -1 268 201 209 123 188 75 139 82 208 139 97 152 202 160 137 110 246 139 172 164 135 294 298 251 247 92 84 111 108 248 191 98 167 128 282 281 287 154 96 139 97 259 256 100 102 106 95 210 188 -1 -1 303 310 319 321 195 191 75 71
218 170 215 218 71 90 96 95 258 256 259 87 89 82 229 230 79 79 143 197 225 217 225 166 102 74 177 78 225 190 30 39 89 99 120 97 -1 236 257 275 98 166 88 102 113 170 138 129 -1 159 152 144 119 226 178 166 145 123 279 281 289 284 104 88 82 100 247 127 127 -1 312 307 293 142 134 132 140 111 262 253 45 46 117 89 167 209 229 135 290 293 205 141 191 194 100 65
209 134 208 205 108 103 91 122 229 245 147 160 83 87 249 253 183 61 78 192 218 241 128 158 250 99 119 186 221 223 -1 34 5 351 44 78 -1 249 222 171 94 113 163 94 187 155 21 359 352 6 -1 132 109 187 316 2 312 321 326 292 174 171 101 139 112 117 150 130 308 308 306 284 89 117 143 116 120 274 229 171 107 78 87 64 64 163 -1 285 308 269 151 158 187 219 95 74
205 131 218 206 138 110 102 140 262 256 135 156 100 89 246 214 233 76 89 155 254 147 133 204 253 96 84 217 200 214 262 24 358 14 70 78 -1 264 173 194 93 94 162 127 168 180 192 293 20 88 108 -1 67 117 292 5 303 327 333 302 130 189 90 127 114 117 127 297 290 298 312 275 93 96 118 165 247 281 148 188 123 109 72 103 -1 95 297 286 329 91 144 151 233 225 94 82
219 123 257 -1 119 160 160 234 275 201 112 155 183 81 211 167 220 213 85 129 219 123 253 253 235 93 93 160 160 210 218 149 169 115 101 95 -1 187 202 208 131 134 176 121 155 158 272 272 99 106 82 124 134 -1 277 219 221 209 149 235 40 70 108 97 114 272 315 310 302 264 131 173 95 106 92 90 262 206 165 226 103 141 104 109 122 123 240 220 189 68 105 111 231 200 157 130
131 126 245 206 72 110 192 275 300 60 86 104 227 79 172 171 253 242 68 103 209 151 234 202 256 103 98 163 75 204 162 138 156 159 59 66 -1 -1 184 187 138 160 217 20 168 298 294 270 123 152 71 76 117 283 217 190 198 183 243 243 113 95 109 106 63 287 296 302 178 173 131 208 119 102 112 117 232 160 228 261 47 63 114 127 115 273 213 240 267 79 109 127 229 175 156 151
134 246 264 124 116 118 216 218 216 206 188 106 250 75 134 182 212 255 73 68 168 190 244 253 179 80 91 252 78 108 150 127 131 175 154 116 -1 -1 288 304 182 85 210 189 216 223 170 172 116 145 124 116 -1 242 179 180 197 164 212 207 128 266 76 108 262 224 143 125 202 221 129 200 229 87 113 251 159 212 277 256 129 79 70 158 253 261 251 212 128 164 97 91 195 156 172 174
280 299 283 88 100 130 219 229 279 359 124 128 261 65 106 168 250 240 111 70 159 183 246 262 156 101 86 246 89 118 104 112 153 154 162 125 -1 -1 304 14 207 117 194 245 191 174 208 188 130 129 148 -1 288 280 180 179 188 170 213 181 265 286 61 118 242 222 111 122 246 258 145 229 180 99 99 254 182 274 264 174 140 149 88 113 270 280 220 179 143 144 97 103 184 168 178 256
273 262 163 131 128 171 257 267 187 156 86 223 246 135 81 156 240 240 71 103 160 185 238 227 190 112 96 252 113 155 210 74 95 -1 -1 -1 156 295 285 92 220 240 187 200 132 269 180 178 149 -1 160 153 247 166 185 177 211 194 197 169 203 198 107 262 304 297 142 114 284 90 177 251 57 106 237 156 267 245 124 160 121 126 115 -1 284 246 179 167 143 212 78 91 -1 315 320 -1
273 217 155 155 110 177 244 252 167 163 93 226 261 115 82 144 247 239 85 76 160 188 220 226 188 127 122 232 128 163 281 42 344 344 80 -1 283 288 150 114 202 201 175 213 -1 212 179 189 -1 -1 198 302 177 158 184 198 192 186 195 201 198 196 117 286 284 209 89 199 155 101 195 255 87 48 248 -1 334 307 115 174 149 131 105 276 286 84 196 278 114 242 119 121 285 300 157 152
163 108 169 143 162 191 280 277 188 226 91 247 137 212 81 108 238 223 134 100 162 193 233 245 215 98 133 250 44 133 189 137 199 172 70 -1 210 187 154 131 -1 -1 -1 -1 -1 -1 -1 -1 -1 -1 247 152 175 163 211 201 184 207 205 185 176 131 266 238 170 172 107 200 156 167 254 255 213 124 73 258 268 303 26 29 -1 105 298 302 119 115 231 220 109 202 183 209 162 158 206 184
157 89 184 136 200 215 264 129 211 204 111 272 120 228 83 99 228 192 185 96 164 197 207 216 216 -1 79 221 75 73 190 157 160 169 110 -1 177 165 149 130 -1 -1 -1 -1 -1 -1 -1 -1 -1 142 -1 -1 -1 -1 203 203 224 235 197 180 133 212 191 203 174 168 120 212 160 159 250 224 203 209 86 246 283 240 35 27 64 100 260 254 67 78 192 197 134 177 290 310 -1 306 332 356
188 107 193 212 301 306 185 154 85 178 281 275 214 261 61 59 159 168 241 95 174 197 168 225 171 208 96 223 154 138 157 150 158 157 170 -1 -1 -1 -1 -1 -1 -1 -1 -1 -1 -1 -1 -1 -1 258 -1 -1 -1 -1 -1 -1 -1 -1 -1 -1 -1 234 140 163 169 169 157 184 198 153 203 188 222 184 95 248 199 150 166 113 86 228 207 197 119 147 83 -1 290 318 292 26 349 276 32 345
164 132 213 272 301 223 144 162 85 204 280 151 244 238 144 82 146 154 215 102 171 193 164 210 163 198 133 179 160 162 140 136 167 163 -1 -1 -1 -1 -1 -1 -1 -1 -1 -1 -1 -1 -1 -1 204 -1 -1 -1 -1 -1 -1 -1 -1 -1 -1 -1 244 -1 148 134 -1 158 179 162 196 198 182 212 223 193 -1 236 183 194 164 150 71 257 238 286 97 77 127 -1 245 247 271 9 348 328 346 348
149 198 247 235 145 234 115 127 120 263 144 117 242 186 172 123 157 267 145 84 162 193 161 162 150 158 175 178 176 172 146 146 -1 -1 -1 -1 -1 -1 -1 -1 -1 -1 -1 -1 -1 -1 -1 -1 242 -1 -1 -1 -1 -1 -1 -1 -1 -1 -1 126 -1 -1 -1 -1 -1 -1 -1 -1 181 183 214 218 191 173 -1 -1 242 160 220 145 97 256 274 145 -1 80 267 292 55 195 165 172 210 207 290 44
-1 -1 249 211 208 217 125 87 256 262 143 96 228 180 173 126 160 235 161 119 161 178 165 151 144 155 187 179 170 167 152 -1 -1 -1 -1 -1 -1 -1 -1 -1 -1 -1 -1 -1 -1 -1 -1 -1 252 -1 -1 -1 -1 -1 -1 -1 -1 -1 -1 -1 -1 -1 -1 -1 -1 -1 -1 -1 -1 -1 -1 222 191 212 -1 -1 200 178 167 123 141 273 297 107 149 106 263 275 137 178 179 200 237 253 201 123
-1 251 118 136 218 166 152 131 244 166 150 140 181 174 166 172 157 153 169 174 170 177 165 150 141 163 171 166 169 -1 -1 -1 -1 -1 -1 -1 -1 -1 -1 -1 -1 -1 -1 -1 -1 -1 149 -1 -1 -1 -1 -1 -1 -1 -1 -1 -1 -1 99 238 -1 -1 -1 -1 -1 -1 -1 -1 -1 -1 -1 -1 -1 204 -1 256 -1 90 139 120 294 295 100 241 54 -1 238 147 236 276 313 332 278 300 312 49
225 228 126 107 190 164 158 132 221 156 151 168 176 175 174 179 168 150 161 186 173 178 168 154 142 165 168 -1 -1 -1 -1 -1 -1 -1 -1 -1 -1 -1 -1 -1 -1 -1 -1 -1 -1 -1 -1 -1 -1 -1 -1 -1 -1 -1 -1 -1 -1 -1 101 231 -1 -1 -1 -1 -1 -1 -1 -1 -1 -1 -1 -1 -1 -1 -1 256 -1 91 129 168 284 305 106 243 66 70 224 152 289 293 -1 142 292 292 197 77
215 181 109 111 204 153 216 124 154 145 181 172 177 187 174 176 179 182 161 170 182 178 168 160 -1 -1 -1 -1 -1 -1 -1 -1 -1 -1 -1 -1 -1 -1 -1 -1 -1 -1 -1 -1 -1 179 -1 -1 -1 -1 -1 -1 -1 -1 -1 -1 -1 -1 -1 -1 -1 -1 -1 -1 -1 -1 -1 -1 -1 -1 -1 -1 -1 -1 -1 241 133 105 285 288 238 86 108 246 107 60 -1 251 284 283 150 267 182 218 179 163
214 161 106 86 189 154 226 156 144 140 186 173 174 182 175 187 190 189 167 170 186 179 171 -1 -1 -1 -1 -1 -1 -1 -1 -1 -1 -1 -1 -1 -1 -1 -1 -1 -1 -1 -1 -1 -1 284 -1 -1 -1 -1 -1 -1 -1 -1 -1 -1 -1 -1 -1 -1 -1 -1 -1 -1 -1 -1 -1 -1 -1 -1 -1 -1 -1 258 -1 -1 130 97 294 270 195 70 80 233 128 128 -1 240 256 255 208 225 275 294 164 214
168 147 100 86 196 172 244 178 145 142 170 169 179 189 -1 -1 195 192 -1 -1 -1 -1 -1 -1 -1 -1 -1 -1 -1 -1 -1 -1 -1 -1 -1 -1 -1 -1 -1 -1 -1 -1 -1 280 -1 -1 -1 -1 -1 -1 -1 -1 -1 -1 -1 -1 -1 -1 -1 -1 -1 -1 -1 -1 -1 -1 -1 -1 -1 -1 -1 -1 -1 -1 216 -1 -1 93 252 209 229 -1 73 255 260 67 -1 280 180 145 241 267 230 132 244 219
153 148 121 79 -1 -1 221 -1 148 147 167 -1 -1 -1 -1 -1 -1 -1 -1 -1 -1 -1 -1 -1 -1 -1 -1 -1 -1 -1 -1 -1 -1 -1 -1 -1 -1 -1 -1 -1 -1 -1 270 -1 -1 -1 -1 -1 -1 -1 -1 -1 -1 -1 -1 -1 -1 -1 -1 -1 -1 -1 -1 -1 -1 -1 -1 -1 -1 -1 -1 -1 -1 -1 213 -1 -1 79 219 157 245 178 59 199 207 92 -1 253 159 190 246 241 175 148 240 205
146 141 163 158 -1 -1 -1 -1 -1 -1 -1 -1 -1 -1 -1 -1 -1 -1 -1 -1 -1 -1 -1 -1 -1 -1 -1 -1 -1 -1 -1 -1 -1 -1 -1 -1 -1 -1 -1 -1 -1 268 -1 -1 -1 -1 -1 -1 -1 -1 -1 -1 -1 -1 -1 -1 -1 -1 -1 -1 -1 -1 -1 -1 -1 -1 -1 -1 -1 -1 -1 -1 204 177 216 197 96 99 228 226 194 139 129 77 238 86 -1 221 298 324 301 179 211 263 241 151
133 127 179 -1 -1 -1 -1 -1 -1 -1 -1 -1 -1 -1 -1 -1 -1 -1 -1 -1 -1 -1 -1 -1 -1 -1 -1 -1 -1 -1 -1 -1 -1 -1 -1 -1 -1 -1 -1 -1 -1 -1 -1 -1 -1 -1 -1 -1 -1 -1 -1 -1 -1 -1 -1 -1 -1 -1 -1 -1 -1 -1 -1 -1 -1 -1 -1 -1 -1 -1 -1 -1 171 171 223 201 87 88 216 242 184 146 158 100 250 118 -1 297 313 310 155 150 269 270 171 158
-1 -1 -1 -1 -1 -1 -1 -1 -1 -1 -1 -1 -1 -1 -1 -1 -1 -1 -1 -1 -1 -1 -1 -1 -1 -1 -1 -1 -1 -1 -1 -1 -1 -1 -1 -1 -1 -1 -1 -1 -1 -1 -1 -1 -1 -1 -1 -1 -1 -1 -1 -1 -1 -1 -1 -1 -1 -1 -1 -1 -1 -1 -1 -1 -1 -1 -1 -1 -1 -1 -1 204 157 248 -1 196 -1 76 200 -1 185 191 114 -1 124 -1 281 209 148 163 297 316 173 155 161 171
-1 -1 -1 -1 -1 -1 -1 -1 -1 -1 -1 -1 -1 -1 -1 -1 -1 -1 -1 -1 -1 -1 -1 -1 -1 -1 -1 -1 -1 -1 -1 -1 -1 -1 -1 -1 -1 -1 -1 -1 -1 -1 -1 -1 -1 -1 -1 -1 -1 -1 -1 -1 -1 -1 -1 -1 -1 -1 -1 111 -1 -1 -1 -1 -1 -1 -1 -1 -1 -1 123 186 258 260 -1 193 -1 -1 199 -1 170 176 -1 260 -1 -1 254 127 271 313 300 258 143 157 161 155
-1 -1 -1 -1 -1 -1 -1 -1 -1 -1 -1 -1 -1 -1 -1 -1 -1 -1 -1 -1 -1 -1 -1 -1 -1 -1 -1 -1 -1 -1 -1 -1 -1 -1 -1 -1 -1 -1 -1 -1 -1 -1 -1 -1 -1 -1 133 210 -1 -1 -1 -1 -1 -1 -1 -1 -1 -1 74 217 -1 -1 -1 -1 -1 -1 -1 -1 114 221 102 84 236 -1 -1 -1 -1 154 80 -1 -1 -1 -1 -1 -1 248 100 253 198 194 185 131 167 146 153 158
-1 -1 -1 -1 -1 -1 -1 -1 -1 -1 -1 -1 -1 -1 -1 -1 -1 -1 -1 -1 -1 -1 -1 -1 -1 -1 -1 -1 -1 -1 -1 -1 -1 -1 -1 -1 -1 -1 -1 -1 238 -1 -1 -1 -1 -1 131 240 -1 -1 -1 -1 -1 -1 -1 -1 -1 -1 131 -1 -1 -1 -1 -1 -1 -1 -1 -1 113 227 121 102 222 -1 -1 -1 -1 140 -1 101 -1 -1 -1 -1 -1 209 114 231 262 275 166 119 172 137 -1 -1
-1 -1 -1 -1 -1 -1 -1 -1 -1 -1 -1 -1 -1 -1 -1 -1 -1 -1 -1 -1 -1 -1 -1 -1 -1 -1 -1 -1 -1 -1 -1 -1 -1 -1 -1 -1 -1 -1 105 -1 -1 -1 189 230 222 123 246 -1 -1 -1 208 -1 228 -1 232 -1 -1 -1 91 247 -1 -1 -1 -1 -1 169 -1 -1 80 223 104 244 -1 -1 -1 -1 -1 130 190 -1 -1 -1 56 -1 -1 -1 -1 250 179 151 142 122 111 -1 -1 -1
-1 -1 -1 -1 -1 -1 -1 -1 -1 -1 -1 -1 -1 -1 -1 -1 -1 -1 -1 -1 -1 -1 -1 -1 -1 -1 -1 -1 -1 -1 -1 -1 -1 -1 -1 -1 -1 -1 107 237 -1 133 253 157 193 147 249 151 195 150 243 -1 222 146 231 -1 -1 -1 -1 241 -1 -1 -1 -1 128 196 -1 141 77 134 137 277 199 -1 -1 -1 -1 -1 192 153 -1 214 58 64 -1 -1 245 235 161 162 121 138 133 -1 -1 285
-1 -1 -1 -1 -1 -1 -1 -1 -1 -1 -1 -1 -1 -1 -1 -1 -1 -1 -1 -1 -1 -1 -1 -1 -1 -1 -1 -1 -1 -1 -1 -1 -1 -1 -1 -1 -1 -1 -1 226 199 102 154 -1 312 295 104 213 -1 99 233 133 218 223 -1 -1 -1 -1 99 232 -1 -1 124 166 166 -1 -1 268 135 93 238 193 226 140 193 169 -1 -1 -1 -1 -1 -1 189 108 -1 -1 -1 177 272 266 93 -1 -1 -1 268 257
-1 -1 -1 -1 -1 -1 -1 -1 -1 -1 -1 -1 -1 -1 -1 -1 -1 -1 -1 -1 -1 -1 -1 -1 -1 -1 -1 -1 -1 -1 -1 -1 -1 -1 -1 -1 -1 -1 -1 -1 198 113 293 309 -1 -1 94 234 193 99 192 145 224 272 -1 -1 -1 -1 113 227 -1 -1 100 134 295 -1 227 226 141 141 208 205 221 141 209 -1 -1 -1 -1 -1 -1 -1 183 126 -1 -1 -1 -1 244 201 129 -1 -1 271 270 -1
281 -1 -1 -1 -1 -1 -1 -1 -1 -1 -1 -1 -1 -1 -1 -1 -1 -1 -1 -1 -1 -1 -1 -1 -1 -1 -1 -1 -1 -1 -1 -1 -1 -1 -1 -1 -1 -1 -1 -1 -1 -1 -1 -1 -1 117 98 104 -1 93 275 288 -1 -1 -1 -1 197 -1 -1 -1 -1 -1 109 -1 224 -1 191 128 320 320 20 349 310 -1 -1 -1 -1 -1 -1 -1 -1 -1 -1 -1 -1 -1 -1 -1 222 -1 -1 -1 250 225 181 172
269 -1 -1 -1 -1 -1 -1 -1 -1 -1 -1 -1 -1 -1 -1 -1 -1 -1 -1 -1 -1 -1 -1 -1 -1 -1 -1 -1 -1 -1 -1 -1 -1 -1 -1 -1 -1 -1 -1 -1 -1 215 230 -1 -1 117 116 -1 125 128 256 242 -1 -1 -1 157 284 -1 -1 -1 -1 -1 114 -1 206 132 -1 -1 -1 -1 -1 -1 -1 -1 -1 -1 -1 -1 -1 -1 -1 -1 -1 -1 -1 -1 -1 -1 224 -1 -1 -1 265 190 161 171
-1 -1 -1 -1 -1 -1 -1 -1 -1 -1 -1 -1 -1 -1 -1 -1 -1 -1 -1 -1 -1 -1 -1 -1 -1 -1 -1 -1 -1 -1 -1 -1 -1 -1 -1 -1 -1 -1 -1 -1 -1 -1 -1 -1 -1 62 -1 234 131 283 -1 -1 234 -1 -1 -1 -1 -1 -1 -1 -1 -1 -1 -1 154 117 -1 300 -1 -1 -1 -1 -1 -1 -1 -1 -1 -1 -1 -1 -1 -1 -1 -1 -1 -1 -1 -1 -1 -1 -1 -1 197 98 153 249
