landfire_data/ASP2020.asc
ncols        218
nrows        221
xllcorner    -2089905.000000000000
yllcorner    1491735.000000000000
cellsize     90.000000000000
NODATA_value -9999
[rows 45 to 89 of 221, columns 96 to 191 of 218]
111 112 71 269 290 22 39 307 67 46 1 17 -1 -1 -1 -1 -1 320 335 333 328 -1 -1 -1 -1 -1 -1 -1 -1 -1 -1 -1 -1 -1 -1 -1 -1 -1 -1 -1 -1 -1 -1 -1 -1 -1 -1 -1 -1 -1 -1 -1 -1 -1 -1 -1 -1 -1 -1 -1 -1 -1 -1 -1 -1 -1 -1 -1 -1 -1 -1 -1 -1 -1 -1 -1 -1 -1 -1 -1 -1 -1 -1 -1 -1 -1 -1 -1 -1 -1 -1 -1 -1 -1 -1 -1
140 128 298 344 263 295 350 73 36 349 11 63 356 357 344 345 -1 -1 -1 -1 338 329 349 351 28 -1 -1 -1 -1 -1 -1 -1 -1 -1 -1 -1 -1 -1 -1 -1 -1 -1 -1 -1 -1 -1 -1 -1 -1 -1 -1 -1 -1 -1 -1 -1 -1 -1 -1 -1 -1 -1 -1 -1 -1 -1 -1 -1 -1 -1 -1 -1 -1 -1 -1 -1 -1 -1 -1 -1 -1 -1 -1 -1 -1 -1 -1 -1 -1 -1 -1 -1 -1 -1 -1 -1
101 92 277 322 284 265 30 50 7 323 83 77 330 326 19 357 -1 -1 302 357 316 303 21 352 353 356 5 -1 -1 -1 -1 -1 -1 -1 -1 -1 -1 -1 -1 -1 -1 -1 -1 -1 -1 -1 -1 -1 -1 -1 -1 -1 -1 -1 -1 -1 -1 -1 -1 -1 -1 -1 -1 -1 -1 -1 -1 -1 -1 -1 -1 -1 -1 -1 -1 -1 -1 -1 -1 -1 -1 -1 -1 -1 -1 -1 -1 -1 -1 -1 -1 -1 -1 -1 -1 -1
117 73 305 289 270 270 49 21 33 98 88 315 13 258 15 2 353 356 352 30 321 281 51 14 -1 263 87 350 12 4 -1 -1 -1 -1 -1 -1 -1 -1 -1 -1 -1 -1 -1 -1 -1 -1 -1 -1 -1 -1 -1 -1 -1 -1 -1 -1 -1 -1 -1 -1 -1 -1 -1 -1 -1 -1 -1 -1 -1 -1 -1 -1 -1 -1 -1 -1 -1 -1 -1 -1 -1 -1 -1 -1 -1 -1 -1 -1 -1 -1 -1 -1 -1 -1 -1 -1
38 318 262 328 268 273 65 76 102 116 31 291 352 283 23 9 353 12 30 61 356 341 23 8 -1 258 91 274 333 55 -1 -1 -1 -1 -1 -1 -1 -1 -1 -1 -1 -1 -1 -1 -1 -1 -1 -1 -1 -1 -1 -1 -1 -1 -1 -1 -1 -1 -1 -1 -1 -1 341 344 -1 -1 -1 -1 -1 -1 -1 -1 -1 -1 -1 -1 -1 -1 -1 -1 -1 -1 -1 -1 -1 -1 -1 -1 -1 -1 -1 -1 294 314 -1 -1
311 25 253 217 294 122 126 104 91 69 63 285 270 311 15 345 357 38 74 15 258 18 308 14 337 21 -1 -1 113 96 -1 -1 -1 -1 -1 -1 -1 -1 -1 -1 -1 -1 -1 -1 -1 -1 -1 -1 -1 -1 -1 -1 -1 -1 -1 -1 -1 -1 -1 -1 -1 -1 307 328 346 345 356 -1 -1 -1 -1 -1 -1 -1 -1 -1 -1 -1 -1 -1 -1 -1 -1 -1 -1 -1 -1 -1 -1 308 319 323 -1 -1 -1 -1
303 58 330 293 262 70 142 125 123 325 56 276 294 289 117 -1 30 57 36 0 216 251 327 64 319 27 -1 -1 99 -1 -1 -1 -1 -1 -1 -1 -1 -1 -1 -1 -1 -1 -1 -1 -1 -1 -1 -1 -1 -1 -1 -1 -1 -1 -1 -1 -1 -1 -1 -1 -1 298 296 312 346 348 11 -1 -1 -1 -1 329 337 0 -1 -1 -1 -1 -1 -1 -1 -1 -1 -1 -1 -1 -1 -1 327 319 -1 -1 -1 -1 -1 -1
263 339 271 280 238 82 8 35 318 356 22 43 210 231 16 344 8 61 349 11 13 283 125 103 280 23 13 352 5 344 26 -1 -1 -1 -1 -1 -1 -1 -1 -1 -1 -1 -1 -1 -1 -1 330 325 334 359 341 333 7 6 350 -1 348 0 -1 -1 -1 -1 277 288 348 358 21 329 351 26 349 317 -1 -1 5 358 -1 -1 -1 -1 -1 -1 -1 -1 335 337 341 328 331 326 315 312 343 346 -1 -1
264 314 350 267 -1 42 35 24 336 18 63 16 298 260 306 329 56 49 29 336 2 49 10 9 297 5 18 319 20 16 44 -1 -1 -1 -1 -1 -1 -1 -1 -1 -1 -1 -1 -1 -1 -1 302 313 300 327 342 334 40 57 38 342 344 3 -1 -1 -1 304 311 325 4 7 350 310 27 8 16 1 337 357 5 4 -1 -1 -1 -1 -1 -1 340 340 340 -1 333 327 340 330 332 318 340 356 -1 -1
268 246 52 285 332 334 358 5 26 26 346 37 276 355 280 323 50 28 13 12 47 351 4 12 284 71 79 272 93 329 20 19 -1 -1 -1 -1 -1 -1 -1 -1 -1 -1 -1 -1 -1 310 266 295 339 329 292 263 88 354 344 29 338 320 340 356 320 321 26 98 349 281 296 14 331 349 19 92 346 352 19 327 354 333 -1 339 313 -1 -1 -1 -1 324 338 311 319 312 4 346 10 15 353 327
288 284 42 292 285 317 350 355 341 47 25 26 275 325 285 355 50 37 -1 68 352 33 356 55 309 40 343 321 334 298 8 15 12 -1 -1 -1 -1 -1 -1 -1 -1 -1 -1 -1 307 299 300 270 340 354 350 357 66 305 348 25 347 267 304 9 300 311 62 81 328 288 278 347 338 17 53 50 349 348 356 303 356 356 344 337 332 335 1 -1 334 319 324 320 317 307 347 352 19 335 357 318
336 277 20 292 326 317 334 335 39 355 45 27 291 291 258 330 51 38 28 353 341 358 63 37 346 339 301 60 295 281 8 15 10 17 5 -1 -1 -1 -1 -1 -1 -1 -1 -1 287 292 309 311 326 336 36 4 17 340 269 349 34 13 229 209 259 315 91 85 280 288 281 287 349 345 48 38 14 3 280 288 351 339 47 0 292 291 58 48 304 295 341 338 309 281 342 62 349 296 303 351
19 274 20 333 323 345 324 309 22 348 17 49 296 282 268 275 33 6 37 307 338 10 40 352 4 312 278 63 295 252 322 19 18 26 10 8 -1 -1 -1 -1 -1 -1 -1 314 293 284 298 327 309 357 9 354 25 37 235 272 38 32 255 303 230 217 79 64 250 222 232 240 339 21 43 24 20 24 275 271 333 351 51 52 282 280 76 54 264 274 318 354 324 298 33 67 349 327 323 19
328 343 328 355 267 288 346 289 29 339 22 42 358 323 309 285 72 84 3 307 254 316 20 11 341 325 296 77 288 100 190 131 173 144 106 106 294 352 342 329 25 45 -1 282 288 306 340 328 331 341 9 2 73 279 30 234 51 55 268 257 11 331 22 17 257 233 252 233 217 55 49 50 43 325 321 264 292 73 79 62 258 255 73 52 275 294 207 187 248 224 195 24 339 340 65 77
312 357 284 5 342 321 345 308 27 326 38 43 356 334 314 293 46 45 333 313 279 213 8 23 355 350 319 38 212 92 180 153 161 149 135 119 292 357 335 323 51 20 -1 271 272 264 289 330 332 322 1 21 67 273 24 309 41 48 1 239 250 20 23 21 39 227 205 182 204 223 55 45 42 303 328 298 108 107 88 37 278 290 74 59 255 222 294 282 224 205 208 214 238 258 65 82
13 343 269 332 350 6 268 283 2 7 22 3 300 339 326 324 63 53 280 259 52 53 191 93 41 28 149 142 53 190 66 105 330 335 20 285 301 339 15 351 359 16 38 253 190 186 206 216 228 249 29 14 53 281 323 23 266 47 55 46 246 258 11 53 32 44 355 352 233 247 45 49 64 266 299 295 203 57 7 331 242 220 19 14 -1 217 300 307 85 194 203 217 206 157 147 116
35 334 311 310 348 339 290 276 4 358 355 7 299 333 337 24 67 37 0 -1 -1 74 10 -1 83 111 128 152 95 83 118 350 323 329 45 280 292 322 25 340 7 36 45 -1 308 330 327 250 241 254 356 40 42 295 297 46 285 60 59 50 251 267 342 15 58 63 322 10 250 246 38 40 55 19 252 210 231 37 2 332 283 300 340 18 17 -1 252 210 89 272 304 302 303 92 131 120
1 352 332 307 320 331 311 325 327 352 8 45 311 321 57 48 31 15 10 21 137 124 66 327 94 86 92 83 62 353 32 282 272 303 29 28 254 252 350 354 76 73 93 71 250 251 338 353 267 215 233 2 61 48 293 30 284 47 52 56 243 241 340 51 70 284 283 5 32 243 228 113 49 12 258 304 311 297 36 322 327 56 163 130 344 7 323 288 328 269 193 253 64 87 69 291
4 5 336 332 342 320 311 348 330 358 341 10 295 65 53 67 61 32 40 71 43 -1 314 20 90 78 3 15 350 5 55 261 262 286 26 34 262 280 348 50 89 92 44 68 252 242 259 318 356 340 267 291 78 25 254 39 289 84 87 67 236 222 243 72 77 286 292 339 41 23 245 283 41 5 315 312 338 335 20 321 166 103 93 61 314 99 327 326 323 345 301 287 59 47 15 304
337 335 352 352 359 359 342 293 16 348 311 358 64 62 74 46 12 17 20 47 20 323 224 93 70 89 176 160 171 107 277 288 288 281 14 5 298 278 348 57 24 40 99 89 302 310 236 204 207 255 313 334 38 340 306 338 26 28 55 59 259 241 196 99 306 310 241 234 63 48 281 285 43 44 307 298 314 317 19 20 33 26 347 358 37 42 262 30 334 325 275 240 213 324 337 325
343 343 17 344 357 11 340 314 359 344 346 359 81 6 46 40 5 43 49 40 346 332 59 88 85 106 131 152 164 118 259 224 230 238 6 4 313 283 3 43 26 55 64 289 229 214 237 222 264 258 247 242 6 339 344 334 1 14 29 21 -1 201 216 145 278 343 215 203 44 36 272 263 59 15 0 288 321 309 18 11 50 51 348 349 36 38 238 303 327 341 9 312 302 309 320 321
319 342 25 4 308 334 326 321 1 359 24 40 45 36 61 40 352 18 67 -1 102 142 137 105 87 25 36 91 14 14 295 308 305 284 4 29 297 297 111 143 145 129 81 -1 273 301 303 286 296 274 219 248 305 312 347 340 14 43 55 72 276 322 254 287 278 258 354 303 40 36 286 301 11 4 320 306 317 328 67 96 359 340 1 5 58 50 280 252 246 292 324 309 330 324 343 331
310 334 24 10 321 313 327 298 30 2 30 38 26 12 20 346 319 54 61 343 68 77 113 98 56 47 48 355 347 22 307 284 307 306 33 89 300 327 39 28 45 31 26 39 205 180 218 222 241 224 194 214 230 244 343 10 112 119 103 79 284 307 276 267 24 228 258 308 22 12 282 271 4 44 294 298 319 352 69 50 346 343 23 58 49 19 358 220 264 274 299 306 301 334 333 337
285 281 3 8 341 324 346 72 145 144 39 30 5 7 14 24 27 71 64 56 52 67 80 71 59 11 314 335 53 54 295 326 312 300 76 320 269 350 72 76 38 56 65 66 324 343 230 232 183 226 223 212 222 258 -1 78 110 92 118 341 316 320 19 280 18 33 278 275 293 9 312 300 350 39 339 300 340 19 43 355 351 27 24 347 22 1 16 5 258 245 227 264 286 309 324 324
213 164 179 193 -1 -1 148 111 115 149 165 27 12 4 28 25 35 38 34 64 83 26 34 61 328 347 306 322 80 340 312 315 340 -1 24 303 282 125 122 128 108 117 109 97 257 320 268 220 238 257 234 156 252 254 167 90 54 52 298 309 321 22 56 244 12 60 246 227 242 308 341 291 324 23 338 319 350 49 1 352 350 19 17 12 353 357 3 20 354 239 227 240 279 294 316 318
130 132 204 227 141 164 171 143 128 119 156 177 191 187 31 37 23 22 19 6 354 23 31 344 305 324 317 69 317 321 312 34 57 53 294 298 121 128 124 139 77 45 40 56 236 226 39 250 234 167 196 295 299 296 103 95 131 119 275 272 112 87 33 330 227 32 332 258 218 204 296 283 207 223 345 343 58 47 16 340 334 5 8 29 351 353 27 36 19 25 277 272 256 258 167 195
128 145 224 213 130 174 174 122 129 127 156 180 188 184 194 311 33 49 50 51 101 106 358 337 325 312 66 92 311 323 23 52 52 37 282 143 149 135 138 135 177 81 83 78 243 245 18 353 193 176 303 280 275 279 89 112 98 9 257 243 124 118 317 298 269 238 31 239 194 201 191 183 204 230 133 134 121 52 11 348 330 351 11 22 349 353 41 42 12 28 265 283 276 249 168 194
99 206 194 139 195 229 155 142 119 96 92 160 167 227 248 182 165 46 38 34 357 330 8 322 345 317 39 327 320 28 81 76 350 317 91 107 149 161 156 119 195 133 124 110 279 208 215 242 356 303 252 264 258 249 105 105 314 315 324 317 23 49 303 267 295 3 36 354 342 329 330 321 246 169 169 141 187 181 167 165 179 175 140 161 168 136 70 45 61 60 256 241 211 187 184 220
86 156 166 137 224 207 168 163 136 106 79 80 211 221 229 136 178 175 22 11 359 326 359 336 345 345 12 325 26 44 81 111 304 295 59 54 85 153 121 146 174 149 99 301 13 349 233 206 323 350 258 248 263 256 102 64 290 5 302 0 335 57 313 279 304 347 35 305 333 310 338 329 161 153 155 157 186 192 164 172 179 174 147 168 175 152 105 97 77 60 266 216 199 179 242 260
60 79 164 123 222 150 228 256 80 114 171 154 129 217 161 144 156 188 199 165 160 188 201 80 149 136 125 119 95 67 87 87 218 175 98 94 33 30 345 343 7 52 112 280 333 20 299 307 305 345 346 303 260 47 50 290 281 33 292 340 353 34 326 297 323 338 14 9 246 224 153 150 130 147 168 108 217 169 124 167 222 196 147 196 159 169 163 118 87 78 272 346 285 288 195 214
116 79 182 112 155 144 264 239 92 93 148 130 135 249 135 153 171 209 220 148 166 184 193 140 157 151 161 158 162 166 109 100 198 181 47 33 25 23 344 351 93 98 278 261 281 13 315 275 289 342 6 313 282 349 43 298 276 6 314 320 354 36 326 305 152 178 153 8 151 163 158 166 121 162 215 77 206 141 137 142 261 195 70 181 138 173 161 142 127 92 260 285 270 208 250 277
101 120 146 208 163 192 194 225 107 97 158 113 230 226 140 143 232 215 150 147 183 191 184 133 105 113 159 170 137 190 76 76 142 193 201 129 79 87 125 128 124 114 313 313 268 244 350 330 228 204 292 316 292 35 37 310 207 190 170 140 172 169 141 171 116 193 262 259 133 109 111 185 84 260 267 299 52 129 188 234 269 95 129 68 154 189 125 102 139 44 239 227 306 355 132 205
80 69 135 237 180 187 213 225 105 88 193 98 242 224 141 170 257 276 92 104 175 223 174 119 139 107 127 172 130 198 101 44 72 214 188 162 41 36 32 27 48 18 265 281 256 236 203 169 211 231 198 184 207 144 2 304 156 189 166 147 172 163 144 177 124 220 253 232 107 106 156 164 107 241 241 227 60 51 182 260 247 79 192 60 62 206 148 144 316 336 273 277 237 100 154 188
116 82 98 221 205 212 215 182 189 83 188 129 247 191 132 213 228 240 117 121 169 173 171 198 70 94 109 104 173 214 165 148 80 81 187 210 209 120 115 105 82 73 252 240 210 211 157 216 224 174 183 199 182 149 197 146 157 201 134 156 163 175 175 207 241 254 266 246 28 343 20 30 264 300 284 114 126 100 264 288 301 58 46 107 10 339 349 338 40 348 231 196 254 113 52 86
125 112 80 199 194 213 194 202 194 90 142 134 235 182 153 222 259 248 117 118 164 158 175 202 126 101 111 79 195 202 131 108 106 85 208 216 217 87 151 158 68 70 230 218 173 200 184 235 177 171 206 201 147 153 203 214 154 222 139 148 168 203 305 329 301 276 279 130 147 157 166 110 245 237 226 65 133 104 265 270 43 109 109 86 325 338 352 356 316 332 21 273 175 144 119 62
80 93 86 106 214 213 203 217 223 75 65 98 224 154 166 245 230 134 104 138 170 158 237 246 84 113 163 157 96 187 157 147 96 84 126 217 168 152 96 169 112 311 5 38 199 200 229 219 162 170 247 234 138 150 242 239 106 172 248 312 296 350 254 281 10 326 333 48 23 17 15 14 -1 222 243 127 123 74 271 266 111 110 300 309 71 91 121 316 309 341 60 263 71 88 177 150
117 82 106 105 219 212 214 223 211 127 62 74 189 141 290 283 231 170 70 88 183 182 247 220 53 52 124 172 122 137 167 160 155 154 87 209 171 135 121 128 305 303 28 349 8 206 229 206 134 201 252 141 148 154 254 260 51 -1 306 326 283 337 289 274 7 317 -1 52 8 3 101 121 89 260 222 157 155 120 250 243 108 96 308 306 68 67 20 299 301 7 46 7 98 31 94 143
142 133 122 113 249 262 308 305 63 84 135 81 228 292 297 320 116 159 161 78 194 206 203 215 8 21 18 19 33 24 3 2 4 -1 161 101 171 151 321 351 225 236 15 308 25 26 209 190 208 236 155 151 289 272 277 270 99 192 193 208 186 199 221 175 143 169 195 119 107 176 94 36 59 231 120 174 127 278 253 218 65 258 278 24 60 4 356 184 174 180 129 105 182 169 107 298
126 127 133 145 299 296 309 323 124 78 119 128 267 279 250 175 98 141 185 153 146 205 219 253 239 354 14 20 17 3 8 349 8 25 7 119 73 300 319 20 260 263 332 279 35 20 43 314 215 183 203 317 327 315 291 108 118 211 215 203 194 223 145 167 138 173 255 56 23 39 160 152 101 239 134 191 335 290 325 345 63 270 254 8 69 336 120 122 202 167 150 106 49 160 84 276
93 97 148 259 219 190 179 114 170 103 106 100 255 257 263 155 83 76 156 183 155 223 291 299 250 217 47 27 70 71 176 174 155 139 54 88 314 275 244 87 264 257 237 275 116 105 19 277 14 36 237 224 252 258 107 107 238 262 324 323 327 331 94 155 270 303 243 59 170 169 298 7 91 80 273 329 311 20 289 354 45 279 168 130 179 127 170 236 67 240 126 157 143 21 7 323
97 81 -1 244 207 245 138 130 229 58 83 93 281 301 206 124 104 114 83 175 239 297 302 329 198 219 54 82 129 115 144 160 170 173 128 101 306 16 177 92 288 259 255 260 104 99 249 255 43 50 283 307 294 267 57 57 238 208 214 246 319 100 95 107 247 156 276 80 21 61 194 162 114 281 232 208 233 334 200 151 168 163 147 136 187 99 185 203 107 211 92 164 334 45 274 275
217 88 241 260 200 214 137 104 200 214 95 94 237 234 157 101 119 103 153 184 281 278 167 143 241 233 149 99 2 6 49 27 39 162 128 318 244 49 59 65 288 331 227 131 110 128 317 345 301 51 231 202 242 263 68 81 177 163 287 204 170 146 216 96 281 279 102 101 191 63 70 156 295 309 338 346 145 228 125 183 183 197 104 136 144 227 34 26 329 352 25 288 83 260 324 305
179 94 215 234 191 225 149 121 215 195 109 126 230 214 188 98 84 68 -1 215 273 220 164 159 167 201 163 133 185 139 159 163 86 85 285 306 301 354 63 66 219 172 253 81 101 299 321 353 331 75 286 304 282 272 67 65 -1 299 130 155 171 165 184 125 325 287 125 127 204 143 113 145 285 308 136 143 150 234 59 141 186 213 47 69 161 266 14 35 330 104 300 285 88 282 224 218
132 121 297 302 309 316 57 54 155 163 180 272 313 324 25 41 33 34 -1 191 167 207 149 217 159 213 131 118 245 170 118 163 290 311 56 208 217 243 92 85 298 313 284 96 279 350 257 259 96 86 295 271 281 335 142 110 218 184 125 138 213 256 279 276 253 99 61 38 -1 78 78 231 259 254 97 198 267 198 165 104 185 217 239 106 178 210 215 196 101 93 291 96 353 359 210 250
134 136 302 321 296 300 29 19 41 81 289 282 280 312 33 44 39 50 82 155 189 206 117 181 192 224 60 113 215 154 332 333 264 280 58 275 302 275 64 64 276 257 36 48 334 258 327 284 64 331 297 312 283 30 72 115 -1 -1 130 150 230 226 234 238 190 37 3 5 9 51 82 243 240 194 89 192 287 117 185 132 194 222 238 80 162 201 215 217 29 1 47 83 1 357 332 286
