landfire_data/ASP2020.asc
ncols        218
nrows        221
xllcorner    -2089905.000000000000
yllcorner    1491735.000000000000
cellsize     90.000000000000
NODATA_value -9999
[rows 45 to 89 of 221, columns 0 to 95 of 218]
-1 -1 -1 -1 -1 -1 -1 -1 -1 -1 -1 -1 -1 -1 -1 -1 -1 -1 -1 -1 -1 -1 -1 -1 -1 -1 -1 -1 -1 -1 -1 -1 -1 -1 -1 -1 -1 -1 -1 -1 -1 -1 -1 -1 -1 -1 -1 -1 -1 -1 -1 142 -1 -1 -1 -1 -1 -1 -1 -1 -1 -1 -1 -1 -1 -1 -1 -1 -1 -1 -1 -1 -1 -1 9 352 323 316 325 309 286 350 23 27 331 326 24 341 67 16 287 12 313 339 272 320
-1 -1 -1 -1 -1 -1 -1 -1 -1 -1 -1 -1 -1 -1 -1 -1 -1 -1 -1 -1 -1 -1 -1 -1 -1 -1 -1 -1 -1 -1 -1 -1 -1 -1 -1 -1 -1 -1 -1 -1 -1 -1 -1 -1 -1 -1 -1 -1 114 119 -1 -1 -1 -1 -1 -1 -1 -1 -1 -1 -1 -1 -1 -1 -1 -1 -1 -1 -1 -1 -1 -1 -1 339 332 325 322 324 344 320 248 109 49 2 324 261 356 318 351 12 308 341 0 354 263 119
-1 -1 -1 -1 -1 -1 -1 -1 -1 -1 -1 -1 -1 -1 -1 -1 -1 -1 -1 -1 -1 -1 -1 -1 -1 -1 -1 -1 -1 -1 -1 -1 -1 -1 -1 -1 -1 -1 -1 -1 -1 -1 -1 -1 -1 -1 -1 -1 134 -1 -1 -1 -1 -1 -1 -1 -1 -1 -1 -1 -1 -1 -1 305 -1 -1 -1 -1 -1 -1 276 315 318 306 277 274 293 283 312 326 329 25 2 341 15 268 174 241 354 4 330 329 341 25 306 101
-1 -1 -1 -1 -1 -1 -1 -1 -1 -1 -1 -1 -1 -1 -1 -1 -1 -1 -1 -1 -1 -1 -1 -1 -1 -1 -1 147 -1 -1 -1 -1 -1 -1 -1 -1 -1 -1 -1 -1 -1 -1 -1 -1 -1 -1 -1 -1 -1 -1 -1 -1 -1 -1 -1 -1 -1 -1 -1 -1 -1 -1 317 -1 -1 -1 -1 -1 -1 303 309 359 11 -1 288 15 282 300 292 282 257 327 17 351 14 5 322 340 -1 230 314 0 230 95 118 141
-1 -1 -1 -1 -1 -1 -1 -1 -1 -1 -1 -1 -1 -1 -1 -1 -1 -1 -1 -1 -1 -1 -1 -1 -1 144 145 -1 -1 -1 -1 -1 -1 -1 -1 -1 -1 -1 -1 -1 -1 -1 -1 -1 -1 87 -1 -1 -1 298 -1 -1 -1 -1 -1 -1 -1 -1 -1 -1 -1 306 -1 -1 -1 -1 -1 -1 303 296 329 351 50 342 249 358 243 272 292 257 187 210 8 345 4 356 286 308 10 267 197 168 279 32 26 20
-1 -1 -1 -1 -1 -1 -1 -1 -1 -1 -1 -1 -1 -1 -1 -1 -1 -1 -1 -1 -1 -1 -1 -1 -1 -1 -1 -1 -1 -1 -1 141 -1 -1 -1 -1 -1 -1 -1 -1 -1 -1 -1 -1 121 -1 -1 -1 -1 -1 -1 -1 -1 -1 -1 -1 -1 -1 329 336 318 -1 -1 -1 -1 -1 -1 295 312 11 317 354 288 358 346 220 325 336 312 326 305 291 307 337 2 14 23 233 60 64 233 237 276 267 91 86
-1 -1 -1 -1 -1 -1 -1 -1 -1 -1 -1 -1 -1 -1 -1 -1 -1 -1 -1 -1 -1 -1 -1 -1 -1 -1 -1 -1 -1 -1 127 -1 -1 -1 -1 -1 -1 -1 -1 -1 -1 -1 -1 -1 -1 -1 -1 303 -1 -1 -1 -1 -1 -1 329 330 340 327 320 320 -1 -1 -1 -1 -1 -1 308 292 311 23 328 44 290 348 346 30 275 312 334 335 304 306 266 289 9 26 16 312 85 17 352 223 260 309 63 63
-1 -1 -1 -1 -1 -1 -1 -1 -1 -1 -1 -1 -1 -1 -1 -1 -1 -1 -1 -1 -1 -1 -1 -1 -1 -1 -1 -1 -1 -1 -1 -1 -1 -1 -1 -1 -1 -1 -1 -1 -1 -1 146 -1 -1 -1 296 -1 -1 -1 -1 296 323 -1 -1 -1 -1 -1 -1 -1 -1 -1 -1 -1 -1 316 303 302 321 38 52 95 296 317 347 61 240 205 247 254 233 235 168 182 171 32 40 11 346 1 8 35 217 204 50 43
-1 -1 -1 -1 -1 -1 -1 -1 -1 -1 -1 -1 -1 -1 -1 -1 -1 -1 -1 -1 -1 -1 -1 -1 -1 -1 -1 -1 -1 -1 -1 -1 -1 -1 -1 -1 -1 -1 -1 -1 -1 -1 -1 -1 -1 299 -1 -1 -1 -1 -1 295 -1 -1 -1 -1 -1 -1 -1 298 309 334 21 2 329 319 306 297 334 54 88 317 355 297 58 75 240 194 269 173 219 212 129 178 186 213 39 15 301 319 6 32 252 262 10 35
-1 -1 -1 -1 -1 -1 -1 -1 -1 -1 -1 -1 -1 -1 -1 -1 -1 -1 -1 -1 -1 -1 -1 -1 -1 -1 -1 -1 -1 -1 -1 -1 -1 -1 -1 -1 -1 -1 -1 -1 132 -1 -1 -1 -1 -1 -1 -1 -1 336 322 301 -1 -1 -1 -1 315 307 341 25 297 18 300 329 312 313 325 327 27 43 82 264 354 353 55 46 357 333 218 186 185 190 143 214 199 184 201 -1 38 12 133 72 13 312 260 76
-1 -1 -1 -1 -1 -1 -1 -1 -1 -1 -1 -1 -1 -1 -1 -1 -1 -1 -1 -1 -1 -1 -1 -1 -1 -1 -1 -1 -1 -1 -1 -1 -1 -1 -1 -1 -1 -1 -1 -1 -1 -1 -1 -1 -1 -1 -1 -1 316 307 -1 -1 -1 -1 344 330 359 260 33 49 242 322 326 246 296 279 279 305 75 85 69 261 333 19 36 44 41 277 308 244 219 185 287 -1 273 277 228 249 50 14 324 40 38 332 256 56
-1 -1 -1 -1 -1 -1 -1 -1 -1 -1 -1 -1 -1 -1 -1 -1 -1 -1 -1 -1 -1 -1 -1 -1 -1 -1 -1 -1 -1 -1 -1 -1 -1 -1 -1 -1 140 146 -1 -1 -1 -1 -1 -1 -1 -1 308 314 331 329 331 351 316 311 296 348 27 330 298 308 306 254 342 2 243 225 218 216 90 82 56 245 201 214 51 55 23 311 334 5 350 319 191 142 235 245 289 283 340 10 19 344 9 310 318 34
-1 -1 -1 -1 -1 -1 -1 -1 -1 -1 -1 -1 -1 -1 -1 -1 -1 -1 -1 -1 -1 129 -1 -1 -1 -1 -1 -1 -1 -1 -1 -1 -1 -1 -1 -1 -1 -1 -1 -1 -1 -1 -1 -1 344 322 341 340 327 321 310 50 319 302 216 208 26 355 294 313 24 262 236 5 287 210 215 212 98 81 62 253 202 210 87 67 35 320 295 10 21 289 356 328 326 256 234 248 304 16 38 16 337 324 327 40
-1 -1 -1 -1 -1 -1 -1 -1 -1 -1 -1 -1 -1 -1 -1 -1 -1 -1 -1 159 -1 -1 -1 -1 -1 -1 -1 -1 -1 -1 -1 -1 -1 -1 -1 -1 -1 -1 -1 -1 316 351 313 321 22 45 295 27 296 288 348 43 341 330 311 321 259 225 288 304 7 329 353 307 305 335 358 343 197 129 316 31 7 241 228 326 20 328 319 336 46 326 273 307 352 346 317 311 275 19 35 29 244 286 297 66
-1 -1 -1 -1 -1 -1 -1 -1 -1 -1 -1 -1 -1 -1 -1 -1 -1 -1 151 -1 -1 -1 -1 -1 -1 -1 -1 -1 -1 -1 -1 -1 -1 -1 -1 -1 134 -1 301 316 327 22 279 299 46 46 293 15 305 306 29 86 359 322 333 309 326 290 274 253 352 324 26 316 275 312 5 13 0 345 357 27 47 320 225 218 25 319 334 334 56 358 263 222 226 287 314 346 262 296 28 8 273 268 219 83
-1 -1 -1 -1 -1 -1 -1 -1 -1 -1 -1 -1 -1 -1 -1 -1 -1 -1 -1 -1 -1 -1 -1 -1 -1 -1 -1 -1 -1 -1 -1 -1 -1 -1 -1 -1 324 321 272 262 339 9 353 303 5 4 310 327 329 6 72 332 345 304 304 320 347 338 305 329 322 21 2 328 278 287 39 321 10 316 27 335 37 333 11 293 297 345 323 22 59 55 308 303 277 282 235 297 269 267 23 31 342 315 259 23
-1 -1 -1 -1 -1 -1 -1 -1 -1 -1 -1 -1 -1 -1 -1 -1 -1 -1 -1 -1 -1 -1 -1 -1 -1 -1 -1 -1 -1 -1 -1 -1 -1 -1 -1 313 323 327 287 280 219 301 16 316 320 358 322 339 351 29 13 332 355 323 309 293 357 349 322 340 311 6 344 353 319 275 357 348 355 329 351 352 37 34 22 343 246 282 330 64 80 35 319 318 272 254 273 278 347 259 29 39 5 334 289 2
-1 -1 -1 -1 -1 -1 -1 -1 -1 -1 -1 -1 -1 -1 -1 -1 -1 -1 -1 -1 -1 -1 -1 -1 -1 -1 -1 -1 -1 -1 -1 -1 -1 318 298 317 243 244 348 327 300 243 118 321 315 342 327 332 8 28 15 332 45 6 336 331 287 288 274 -1 301 298 270 41 7 295 336 348 340 326 329 336 48 45 7 333 310 281 41 70 71 314 332 355 290 288 277 285 347 353 36 25 23 328 295 338
-1 -1 -1 -1 -1 -1 -1 -1 -1 -1 -1 -1 -1 -1 -1 -1 -1 -1 -1 -1 -1 -1 -1 -1 -1 -1 -1 -1 -1 -1 -1 -1 324 318 306 9 303 280 237 300 332 337 276 285 247 282 333 328 12 23 11 339 55 38 322 336 286 294 321 326 339 327 330 46 350 320 284 326 340 337 334 336 51 39 358 340 299 313 105 96 358 337 288 356 305 275 283 281 296 349 35 27 355 330 290 306
-1 -1 -1 -1 -1 -1 -1 -1 -1 -1 -1 -1 -1 -1 -1 -1 -1 -1 -1 -1 -1 -1 -1 -1 -1 -1 -1 -1 -1 -1 305 307 327 294 295 35 244 209 198 220 157 218 225 218 240 256 258 -1 216 276 346 356 28 14 347 334 315 290 323 284 -1 271 52 31 334 343 313 299 272 330 4 345 41 331 25 321 304 339 53 52 337 5 272 300 334 324 272 265 282 300 43 39 348 11 320 347
-1 -1 -1 -1 -1 -1 -1 -1 -1 -1 -1 -1 -1 -1 -1 -1 -1 -1 -1 -1 -1 -1 -1 -1 -1 -1 -1 -1 317 312 295 302 311 323 291 355 348 17 183 189 239 272 311 342 255 236 241 81 268 261 267 295 61 40 353 2 309 288 346 311 348 292 355 349 339 351 301 276 276 314 15 8 21 342 10 331 323 353 58 36 338 6 314 275 319 339 278 267 258 254 42 22 348 342 318 326
141 138 -1 -1 -1 -1 -1 -1 -1 -1 -1 -1 -1 -1 -1 -1 -1 -1 -1 -1 -1 147 -1 -1 -1 -1 334 329 312 327 323 338 289 349 305 282 49 45 331 2 286 214 197 204 286 283 229 178 253 278 276 276 95 65 12 31 334 349 320 353 345 3 271 311 331 324 334 335 284 286 333 356 8 15 329 330 355 347 9 32 338 16 337 319 309 319 315 301 260 259 15 23 340 323 330 310
-1 -1 -1 -1 -1 -1 -1 -1 -1 -1 -1 -1 -1 -1 -1 -1 -1 -1 -1 -1 -1 -1 -1 -1 313 328 338 353 324 336 331 343 315 327 357 305 28 39 243 5 344 338 302 325 244 252 214 188 267 287 304 82 92 66 51 47 332 314 339 338 356 5 329 321 316 313 330 336 326 277 298 336 20 5 333 0 351 3 24 19 345 23 349 321 298 295 310 304 331 282 285 340 350 332 345 311
-1 -1 -1 -1 -1 -1 -1 -1 -1 -1 -1 -1 -1 -1 -1 -1 -1 -1 130 -1 -1 -1 -1 297 315 19 232 221 300 343 15 19 318 254 295 351 25 27 22 271 270 316 295 328 328 332 252 286 291 293 58 71 97 82 149 52 316 277 230 285 304 2 357 346 332 336 332 334 315 339 291 294 325 333 350 15 351 347 11 335 15 11 358 354 292 287 303 298 344 352 316 338 326 347 350 339
-1 -1 -1 -1 -1 -1 -1 -1 -1 -1 -1 -1 -1 -1 -1 -1 -1 133 -1 -1 -1 -1 300 297 311 19 345 230 238 262 44 9 0 316 279 303 19 11 29 24 262 309 288 307 320 321 350 294 282 283 60 60 12 29 333 341 321 338 258 246 313 327 3 1 311 303 296 355 322 323 317 306 297 316 345 352 355 359 341 338 20 8 11 353 329 287 314 317 347 348 320 343 330 351 339 347
-1 -1 -1 -1 -1 -1 -1 -1 -1 -1 -1 -1 -1 -1 -1 -1 -1 -1 -1 -1 -1 300 290 282 312 8 41 353 233 231 187 252 358 355 308 314 23 19 19 344 1 330 246 224 275 311 341 5 297 306 48 43 24 6 30 81 315 297 30 327 244 257 352 325 350 350 316 338 314 318 307 315 332 286 342 332 28 14 316 345 9 4 350 5 325 298 334 296 276 318 279 146 168 165 120 133
-1 -1 -1 -1 -1 -1 -1 -1 -1 -1 -1 -1 -1 -1 -1 122 -1 -1 -1 -1 298 300 311 281 295 354 46 52 248 230 233 242 194 256 309 316 3 21 8 329 8 351 328 331 243 254 304 1 305 341 61 65 69 48 74 311 318 304 21 338 274 279 335 337 337 353 332 330 330 333 294 302 357 297 336 333 33 344 317 348 3 18 3 36 332 270 339 309 218 202 170 135 161 171 135 119
-1 -1 -1 -1 -1 -1 -1 -1 -1 -1 -1 -1 -1 -1 89 -1 -1 -1 -1 293 287 291 320 322 287 2 30 36 308 271 331 284 180 232 195 181 224 311 350 328 323 350 322 329 328 339 281 312 323 28 57 71 65 102 337 304 300 312 3 308 340 311 276 304 13 358 308 301 315 339 328 302 325 298 -1 119 137 167 200 104 172 189 129 61 8 354 249 218 136 184 160 148 109 204 150 101
-1 -1 -1 -1 -1 -1 -1 -1 -1 -1 -1 -1 -1 -1 -1 -1 -1 -1 -1 278 273 265 294 308 287 105 119 75 5 287 322 348 336 254 204 215 241 258 316 314 323 341 310 314 312 354 278 297 110 110 108 90 79 65 317 308 301 301 340 305 352 327 316 309 326 334 313 307 290 308 304 284 210 233 143 123 139 172 200 124 107 177 172 158 325 6 272 130 142 170 166 158 116 202 170 114
-1 -1 -1 -1 -1 -1 -1 78 -1 -1 -1 -1 -1 -1 -1 -1 -1 -1 267 255 212 224 193 196 231 83 95 329 58 250 253 250 349 354 336 330 297 269 285 272 223 89 240 227 277 281 297 242 51 41 352 34 35 356 310 263 272 310 342 296 343 328 2 14 326 307 195 190 195 199 213 203 176 188 120 131 140 231 166 167 105 89 209 218 251 122 190 141 155 140 141 183 133 191 195 166
-1 -1 -1 -1 -1 -1 193 -1 -1 -1 -1 -1 -1 -1 -1 -1 -1 -1 259 251 224 224 182 232 263 74 343 337 72 267 229 184 175 174 203 251 341 291 241 215 177 136 216 210 190 212 170 181 68 43 11 49 23 343 311 300 285 307 333 301 88 216 51 58 192 181 184 190 179 227 226 160 179 207 100 104 184 244 149 170 141 100 225 243 177 122 194 179 116 153 136 188 130 180 214 166
-1 -1 -1 -1 -1 -1 -1 -1 -1 -1 -1 -1 -1 -1 -1 -1 -1 -1 281 277 274 350 285 271 296 349 337 50 70 291 319 328 323 325 307 276 241 275 207 196 163 111 193 237 263 180 161 243 181 140 60 38 316 0 315 310 291 264 142 144 152 249 88 111 131 202 197 133 268 227 140 149 230 193 114 83 151 219 148 166 147 122 276 258 128 128 190 197 107 80 167 134 168 170 230 85
-1 -1 -1 -1 -1 -1 -1 -1 -1 -1 -1 -1 -1 -1 -1 -1 -1 -1 281 269 262 312 250 254 230 271 15 68 60 259 326 314 330 340 328 356 256 253 165 174 157 125 282 260 172 152 242 255 176 150 161 118 278 341 319 305 273 268 124 163 224 265 73 77 94 241 136 241 228 162 129 150 210 168 143 98 105 222 127 172 154 171 262 177 130 135 196 193 139 115 149 113 157 206 242 134
-1 -1 -1 -1 -1 -1 -1 -1 255 -1 -1 -1 -1 -1 262 -1 -1 -1 294 299 300 259 282 286 275 235 136 75 49 40 216 190 178 199 278 294 306 50 91 131 147 208 167 184 161 262 275 286 63 157 140 145 256 156 197 223 172 155 115 117 266 213 117 120 79 203 244 261 158 158 131 198 167 159 155 133 96 242 93 85 267 241 161 124 151 148 225 179 141 95 134 130 220 244 246 105
-1 -1 -1 -1 -1 -1 -1 -1 -1 -1 -1 -1 -1 -1 270 -1 -1 293 288 276 295 280 233 244 210 193 176 354 44 43 197 192 274 296 304 312 323 81 56 71 161 221 173 191 294 296 272 187 81 82 160 220 163 134 249 225 173 174 113 167 186 183 141 125 116 135 258 201 151 161 134 226 167 166 155 151 98 240 136 83 219 215 151 124 158 155 232 152 167 102 61 73 249 238 244 82
-1 -1 -1 -1 -1 -1 -1 -1 -1 -1 -1 -1 -1 -1 308 -1 289 276 285 272 253 252 272 249 212 192 246 266 53 56 246 243 244 244 244 251 66 62 110 104 183 254 278 284 300 245 242 246 112 83 218 213 161 253 184 152 161 207 156 224 165 180 153 153 125 286 158 163 137 160 175 185 179 175 148 174 135 140 163 171 208 155 159 147 138 174 151 157 236 72 180 85 248 232 220 124
-1 -1 -1 -1 -1 -1 -1 -1 -1 -1 -1 -1 -1 -1 -1 -1 304 297 309 319 296 284 247 205 234 235 253 247 49 60 301 283 238 230 249 238 132 112 89 107 228 270 254 250 196 192 256 128 119 91 214 202 249 257 168 145 158 169 195 221 159 170 146 151 249 239 153 166 120 149 137 167 186 163 150 160 155 130 141 210 217 166 165 161 117 207 157 171 247 105 159 139 239 232 195 138
-1 -1 -1 -1 -1 -1 -1 -1 -1 -1 -1 -1 -1 278 312 300 326 317 297 297 312 261 216 212 235 235 243 241 102 72 302 320 316 321 290 101 121 128 116 87 243 271 199 184 255 264 189 181 94 109 66 174 209 211 143 160 151 240 212 227 114 123 126 169 168 186 147 208 171 92 143 158 203 161 133 156 158 144 116 225 232 216 114 179 96 229 197 245 252 68 82 147 243 266 329 77
-1 -1 -1 -1 -1 -1 -1 -1 -1 -1 -1 -1 290 295 339 263 326 330 310 292 181 202 209 237 291 285 263 264 49 1 289 308 304 307 310 56 102 109 138 114 263 264 177 212 264 238 189 204 75 88 90 104 243 231 135 153 252 248 246 226 111 113 109 206 166 229 134 217 190 103 78 123 218 174 117 160 146 136 151 268 237 186 73 164 95 211 257 200 230 101 94 111 290 277 196 71
-1 -1 -1 -1 -1 -1 -1 -1 -1 325 331 338 331 302 47 246 235 179 193 208 207 214 259 254 253 269 296 270 28 348 308 293 300 248 164 126 64 48 72 85 200 181 277 260 226 175 182 198 124 107 41 54 209 171 156 122 238 237 270 96 137 118 92 86 275 256 118 200 222 113 105 92 221 210 82 81 139 157 249 252 182 203 86 78 66 108 210 250 246 128 80 89 207 177 205 117
-1 -1 -1 165 -1 -1 335 332 339 343 313 357 328 300 35 26 213 177 188 197 265 284 280 275 263 259 194 183 279 330 313 312 146 168 152 150 87 93 84 90 253 289 243 221 202 170 203 200 121 172 57 54 205 166 180 291 315 296 297 82 150 152 118 109 252 168 101 202 230 197 42 54 191 195 122 100 165 284 297 341 182 220 88 90 206 81 233 278 142 132 91 97 174 242 129 113
316 320 329 328 340 337 33 326 331 338 307 303 332 342 85 83 5 198 287 293 301 301 277 275 215 217 205 253 286 292 278 -1 102 152 175 169 95 58 62 81 250 143 201 191 198 237 281 324 80 115 177 134 92 287 296 281 218 184 206 83 99 156 113 243 227 155 111 202 256 204 77 58 52 89 148 294 311 318 316 84 147 234 133 74 164 298 268 229 56 65 107 83 250 254 109 117
303 297 319 323 29 118 54 348 314 320 326 268 309 355 75 -1 20 9 260 247 280 266 234 204 238 219 235 266 276 249 177 167 86 166 133 145 173 78 69 76 222 168 193 202 270 277 250 174 74 75 168 169 155 270 202 190 182 185 216 84 81 110 119 241 147 160 111 243 241 185 126 89 71 75 284 295 295 306 18 58 82 193 177 101 265 284 201 213 62 43 57 88 264 221 124 132
25 225 232 175 74 30 325 330 328 326 333 16 257 91 87 274 52 58 220 215 270 275 277 242 187 209 287 277 166 168 213 154 127 109 149 186 110 236 61 60 233 217 243 244 209 178 236 120 106 143 68 128 258 227 274 270 166 200 168 181 75 73 53 193 182 123 293 276 125 244 121 103 94 88 267 265 169 205 156 108 43 37 116 153 298 287 295 281 167 71 63 64 199 198 119 161
29 24 225 198 -1 9 320 316 331 333 328 29 267 104 80 274 57 36 221 252 254 260 222 183 220 250 242 183 171 228 170 134 63 101 187 236 -1 280 62 62 230 209 225 211 223 278 242 113 96 149 95 109 301 313 325 317 153 208 169 180 51 20 24 58 180 128 234 214 130 251 113 125 120 94 274 278 175 212 165 116 116 89 74 -1 302 305 279 228 170 146 74 71 89 208 86 84
