landfire_data/ELEV2020.asc
ncols        218
nrows        221
xllcorner    -2089905.000000000000
yllcorner    1491735.000000000000
cellsize     90.000000000000
NODATA_value -9999
[rows 126 to 167 of 221, columns 0 to 93 of 218]
84 83 83 83 84 85 86 86 86 86 88 88 90 92 94 95 98 99 101 103 106 107 109 110 112 113 115 116 118 119 121 122 123 124 125 126 126 127 128 129 129 132 134 134 136 136 136 136 140 141 142 143 144 145 146 147 148 149 148 144 149 149 150 150 152 152 152 152 150 150 154 145 157 158 160 161 162 162 162 158 158 158 156 156 157 164 162 154 176 178 187 185 173 174
82 81 81 82 83 83 84 84 85 86 87 88 90 91 94 95 97 99 101 102 105 106 108 109 111 112 114 115 117 118 120 121 122 123 124 125 125 126 126 127 129 131 132 133 134 135 133 134 139 140 141 142 143 144 145 146 147 147 147 143 148 148 148 149 150 150 151 151 147 148 152 143 154 156 158 159 160 159 161 157 156 157 156 155 155 156 155 153 169 178 181 175 165 164
78 77 79 79 80 81 82 82 83 84 86 87 89 90 92 93 96 97 100 101 103 104 106 107 109 110 112 113 115 116 118 119 120 121 122 122 123 124 123 122 127 128 124 129 129 130 128 131 136 136 134 138 135 139 141 143 144 144 140 144 145 145 146 146 147 146 148 148 144 141 142 138 151 152 154 154 155 154 156 156 155 156 155 153 152 152 151 161 167 168 169 159 158 154
76 76 77 78 79 79 80 81 83 83 85 86 88 89 91 93 95 97 99 100 103 104 105 106 108 109 111 112 113 114 117 117 119 119 120 120 122 122 121 121 126 126 125 127 127 125 129 127 133 134 131 136 132 136 140 141 142 143 137 143 143 143 144 144 144 143 146 145 144 136 135 139 149 150 151 152 152 152 153 154 154 155 156 152 150 150 150 158 160 159 161 153 152 152
72 73 75 76 77 78 79 80 82 82 84 85 87 88 90 92 94 96 98 99 101 102 103 104 106 107 108 109 111 112 114 114 115 116 117 118 119 119 118 118 122 120 117 116 123 127 126 120 130 129 130 132 129 128 137 137 139 139 139 140 141 141 140 140 137 141 134 138 143 140 141 144 144 145 147 147 148 149 150 150 151 151 154 153 148 147 146 147 149 155 152 149 149 150
71 72 72 75 77 78 79 80 81 82 84 85 87 88 90 91 94 95 97 98 100 101 102 104 105 105 107 108 110 111 112 113 114 114 116 117 117 118 117 117 120 118 115 120 125 126 122 119 126 127 127 125 123 128 135 136 137 137 139 138 139 139 138 134 137 140 131 140 136 132 134 140 142 141 144 145 146 147 148 150 150 150 151 151 147 146 145 145 149 153 148 147 148 148
67 72 74 75 77 77 78 79 80 81 83 84 86 87 89 90 93 94 96 97 98 99 100 101 102 103 105 106 107 108 109 109 111 111 113 114 114 115 116 114 112 114 119 121 123 122 122 113 125 121 117 124 129 130 132 133 131 133 137 137 136 136 135 130 135 137 129 128 132 137 139 137 139 140 141 143 144 145 146 147 147 147 146 146 145 144 143 142 146 147 145 145 147 156
70 72 74 75 76 77 78 79 80 81 83 83 85 87 89 90 92 93 95 96 97 98 100 100 101 103 104 105 106 107 107 108 109 109 111 112 113 113 114 113 112 112 118 119 121 120 117 112 122 116 119 125 128 129 131 132 133 134 136 136 134 134 133 129 134 134 126 127 137 138 138 138 139 139 140 142 143 144 144 145 145 145 145 145 144 143 141 141 144 145 144 144 147 153
72 72 74 74 75 76 78 78 79 80 82 83 85 86 88 89 91 92 93 94 95 96 97 98 100 101 102 102 103 103 105 105 106 107 109 109 110 110 110 110 110 113 115 115 115 112 110 115 112 113 120 122 124 126 127 129 131 131 133 133 132 131 128 128 131 127 125 128 134 133 134 134 136 137 139 140 141 142 142 143 142 142 142 142 141 140 139 139 140 140 141 141 147 145
71 72 73 74 74 76 77 78 79 80 82 83 85 86 87 88 90 91 92 93 94 95 96 97 99 100 100 101 102 102 104 104 105 106 107 108 108 109 109 109 108 111 113 113 115 115 109 111 111 117 120 118 122 123 126 127 129 130 131 131 130 130 128 126 126 125 130 132 131 132 132 133 135 136 138 138 140 141 141 141 141 141 141 140 140 139 138 138 138 139 140 140 144 145
71 72 72 73 74 75 76 77 79 79 81 82 84 85 86 87 89 89 90 91 92 93 94 95 97 97 98 98 100 100 101 102 103 104 105 105 105 105 105 106 107 105 107 106 111 112 109 108 115 116 115 116 119 120 123 124 126 127 128 128 127 127 126 125 124 124 128 125 129 129 129 131 133 134 136 137 138 138 139 139 139 138 138 138 138 138 137 136 137 137 137 136 140 141
70 71 70 72 74 75 76 77 78 79 81 82 83 84 85 86 88 89 90 90 92 92 93 94 96 96 97 97 99 99 100 101 102 102 103 103 104 104 104 105 105 104 104 105 110 110 108 108 111 112 114 115 118 119 122 123 124 125 126 126 126 125 124 124 123 125 126 124 127 127 129 130 132 133 135 135 137 137 138 137 137 137 137 137 137 137 136 135 135 136 136 135 139 136
69 67 72 73 74 75 76 77 78 79 80 81 82 83 84 85 86 87 88 89 90 91 92 93 94 94 95 96 97 98 98 99 99 100 101 101 101 101 102 103 102 102 104 105 106 107 107 107 109 110 113 114 116 117 119 120 121 122 123 123 122 122 122 121 122 121 121 122 124 124 127 128 130 131 132 133 134 134 135 135 134 134 134 134 134 134 134 135 134 133 134 134 138 138
65 69 72 72 74 74 76 76 77 78 80 80 81 82 84 85 86 86 87 88 89 89 91 91 93 93 95 95 97 97 98 97 98 99 100 100 100 100 101 102 101 101 103 103 105 105 106 107 108 110 112 113 115 116 117 118 120 120 121 121 121 121 121 120 121 121 121 122 123 124 126 127 129 130 131 131 133 133 134 133 133 132 132 133 133 133 133 134 133 132 132 133 135 137
68 69 71 71 73 73 75 75 77 77 79 79 81 81 83 84 85 85 86 86 87 88 89 90 91 92 93 94 95 96 96 96 96 97 98 98 98 98 99 100 100 100 101 101 103 103 104 105 107 108 110 110 112 113 115 116 117 118 118 118 119 119 119 119 119 119 120 121 122 122 124 125 127 127 128 129 131 131 131 130 130 130 130 130 130 130 131 132 130 129 129 130 130 134
68 69 70 71 72 73 74 75 76 77 78 79 80 81 82 83 84 84 85 86 87 87 89 89 91 91 93 93 94 95 95 95 96 96 97 97 98 98 98 99 99 99 100 101 102 103 103 104 106 107 109 109 111 112 114 114 116 116 117 117 118 118 118 118 119 119 120 120 121 122 123 124 126 126 127 128 130 130 129 129 128 129 129 129 129 129 130 132 129 128 128 128 134 136
67 67 69 70 72 72 74 75 76 76 77 78 79 80 81 82 83 83 84 85 86 86 87 88 89 90 91 91 92 93 93 94 94 94 95 96 96 96 97 97 98 98 99 99 100 101 102 102 104 105 106 107 109 110 111 112 113 114 114 115 115 116 117 117 118 118 119 119 120 121 122 122 124 124 125 126 127 127 126 127 126 126 126 126 127 127 129 129 127 126 126 126 132 134
66 67 69 70 71 72 74 74 76 76 77 78 79 79 81 82 82 83 84 84 85 86 87 88 89 89 90 91 92 92 92 93 93 94 94 95 95 95 96 97 98 98 98 99 100 100 101 102 103 104 106 107 108 109 111 111 112 113 114 114 115 115 116 116 117 118 118 119 120 120 121 122 123 123 124 125 126 126 125 126 125 125 124 124 125 125 129 129 126 126 125 125 126 133
66 67 69 70 71 72 73 74 76 76 77 78 79 79 80 80 81 82 83 83 84 85 86 87 88 88 89 90 91 91 91 92 92 93 93 93 93 95 95 96 97 97 98 98 99 99 101 101 103 103 104 105 107 108 110 110 111 112 113 113 114 115 115 116 116 117 117 118 118 119 120 121 122 122 123 123 123 123 123 122 123 122 122 122 123 124 128 129 124 124 123 123 122 131
66 67 69 70 71 72 73 74 75 76 77 78 79 79 79 80 81 81 83 83 84 85 86 86 87 88 89 89 90 90 91 91 92 92 92 93 94 94 95 95 96 97 97 98 98 99 101 101 103 103 104 105 106 107 109 110 111 111 112 113 114 114 115 115 116 116 117 117 118 118 119 120 121 121 122 122 122 122 122 122 122 121 121 122 123 124 128 128 123 123 122 122 120 124
66 67 68 69 70 71 72 73 75 75 77 77 78 78 79 80 81 81 82 83 84 84 85 86 87 87 88 89 89 90 90 91 91 92 91 92 93 94 95 95 96 97 98 98 98 99 101 102 103 104 106 106 106 107 109 109 111 111 112 112 113 114 115 115 115 116 116 117 117 118 118 119 119 120 120 121 120 120 120 120 119 119 119 120 123 125 126 126 123 121 120 120 119 118
66 66 68 68 70 71 72 73 74 75 74 76 76 78 79 80 80 81 81 82 83 83 85 86 87 87 88 89 89 89 90 90 91 91 92 92 93 94 95 95 97 98 98 98 99 100 101 103 105 105 106 106 107 108 109 109 111 111 112 113 113 114 114 115 115 116 116 117 117 117 118 118 119 119 120 120 120 119 119 119 118 118 118 120 123 124 126 126 121 120 119 119 118 118
65 66 67 68 70 71 67 67 69 72 74 75 74 74 75 76 79 78 80 80 81 82 83 85 86 87 87 88 88 89 89 89 91 92 93 93 94 95 96 96 99 100 101 101 100 101 103 106 108 109 109 108 108 109 111 112 113 113 113 113 114 114 114 115 115 115 116 116 116 116 117 117 118 118 118 118 118 118 117 117 116 116 117 119 122 123 125 126 119 118 118 117 116 116
65 65 67 68 68 65 60 61 72 70 73 75 75 77 78 78 80 80 79 79 81 81 81 83 86 86 87 88 88 88 88 90 92 93 94 94 95 95 97 98 103 102 104 104 102 103 109 110 111 112 111 110 109 111 113 114 115 115 115 115 115 114 114 115 115 115 116 116 116 116 117 117 117 117 118 118 117 117 116 116 115 116 116 117 121 122 125 124 118 117 117 116 116 115
64 64 63 58 61 74 84 80 68 67 67 70 71 75 80 80 81 81 82 82 83 81 81 81 83 84 85 86 88 89 91 92 93 94 95 97 102 105 114 117 115 121 111 112 126 129 126 128 134 126 119 121 114 114 119 121 122 121 118 118 116 116 115 115 115 116 116 116 116 116 116 117 117 117 117 117 116 115 115 114 113 114 117 119 119 118 122 124 122 117 115 115 114 113
63 56 56 58 77 83 87 88 79 76 85 89 77 73 73 79 81 81 82 82 83 83 83 83 85 86 87 87 88 90 92 94 95 95 100 101 112 111 126 129 122 135 123 117 141 141 137 132 142 131 126 134 127 121 122 124 125 124 121 122 119 118 117 117 116 116 117 117 117 117 117 117 116 116 116 116 115 115 114 113 113 113 116 118 116 114 118 122 124 118 115 114 113 112
56 60 66 70 80 83 90 91 92 93 95 97 97 93 90 86 80 76 80 82 81 81 84 85 88 89 90 92 93 95 102 107 105 112 116 120 133 142 145 166 137 154 147 130 171 180 162 152 168 146 149 163 152 143 135 135 136 135 132 132 128 128 123 121 123 123 121 119 119 118 117 117 117 117 116 115 114 114 113 112 111 112 112 113 112 111 110 112 117 116 113 112 111 111
64 65 71 75 81 83 88 92 93 94 97 100 102 102 98 94 84 80 82 84 84 84 86 87 91 92 93 98 101 104 110 113 113 118 131 125 142 158 144 172 146 158 150 137 176 192 166 169 175 159 149 172 163 154 153 158 150 150 141 139 135 134 130 127 128 128 124 121 123 121 117 117 117 117 116 116 115 114 113 112 111 111 112 113 112 111 110 111 114 115 112 112 110 110
62 65 67 71 80 81 86 87 88 90 96 101 105 109 107 105 99 89 91 96 97 95 94 99 97 101 109 111 120 120 127 130 147 127 166 158 172 174 169 174 177 180 172 155 157 189 196 196 189 166 178 197 186 174 197 170 177 183 155 172 162 157 153 147 142 142 141 139 136 137 130 125 124 123 120 119 115 116 120 116 110 109 109 110 114 114 110 111 111 110 110 109 108 108
67 70 68 71 79 81 85 83 87 89 97 101 106 109 111 112 105 93 100 104 98 98 100 106 109 108 119 128 128 133 145 143 161 139 173 175 178 186 186 182 195 192 167 182 186 177 213 214 192 186 183 202 195 192 205 174 193 205 164 188 178 164 171 164 152 151 155 153 143 147 140 135 132 129 126 124 117 118 122 118 119 113 108 108 114 115 111 108 108 108 109 109 108 107
69 68 71 73 78 79 80 80 86 88 96 99 104 108 113 115 115 105 117 119 117 117 114 119 128 125 128 138 146 150 162 164 176 172 179 190 195 201 210 203 215 213 203 218 216 190 229 238 230 209 193 228 229 229 218 193 212 221 198 216 211 191 203 201 168 153 183 181 151 164 160 156 148 140 138 130 130 125 127 128 122 112 107 107 107 110 112 109 107 107 107 107 106 105
68 69 71 74 77 79 75 79 85 89 85 85 98 102 110 115 118 117 116 124 126 128 125 129 135 132 129 135 156 160 166 172 179 180 180 191 201 208 216 210 223 222 225 229 221 207 236 245 241 233 205 242 246 243 215 203 226 230 217 228 217 202 221 201 176 165 198 190 157 175 171 166 155 145 142 132 134 130 131 133 122 121 109 109 104 106 111 108 105 106 106 106 105 104
69 70 71 72 75 71 72 75 78 85 95 97 101 105 113 117 124 126 113 116 133 136 135 140 149 146 139 141 161 164 174 182 182 186 178 163 188 194 212 219 228 231 238 240 241 230 244 256 254 243 227 248 231 250 227 238 248 239 253 256 238 236 230 215 197 195 217 189 186 201 192 185 167 156 148 145 143 141 146 143 144 145 137 135 119 104 104 110 106 103 105 105 103 103
70 69 70 70 72 61 68 68 79 86 94 96 100 106 114 118 126 130 120 131 130 141 147 150 151 155 150 144 168 171 176 182 182 182 163 154 165 176 208 218 227 230 236 230 241 237 237 250 230 240 198 229 216 252 252 262 252 247 261 261 242 247 237 230 208 214 209 188 206 211 184 177 165 162 154 152 148 146 155 155 162 161 154 142 126 112 101 101 115 108 101 102 103 102
63 66 67 69 55 59 61 64 71 74 75 82 97 105 117 122 129 133 134 138 146 147 153 159 161 165 166 156 169 174 177 179 180 176 139 156 177 181 186 200 200 218 209 176 211 210 197 221 180 196 191 202 245 262 256 223 237 237 248 251 257 259 256 248 242 244 216 213 230 211 206 197 181 172 159 157 143 152 164 166 160 142 153 158 134 123 116 98 119 119 113 107 102 100
63 65 68 70 54 56 69 75 79 82 82 93 106 109 117 123 131 134 140 142 147 151 156 160 163 166 170 166 158 173 177 178 178 167 137 156 158 160 191 198 198 214 196 165 188 188 194 213 173 173 216 235 252 234 235 200 236 220 221 240 248 252 257 247 251 246 232 227 228 211 218 208 184 171 142 138 126 140 160 153 167 149 131 140 117 112 112 96 116 119 117 112 105 104
63 64 69 57 59 65 80 81 86 89 94 93 102 108 121 127 133 135 141 143 149 152 156 158 162 164 167 169 174 173 174 174 175 165 125 141 153 175 187 173 177 193 182 155 163 167 189 180 155 176 208 204 195 177 194 165 199 188 190 212 211 231 253 254 252 252 247 239 222 231 229 211 178 170 161 147 121 117 123 138 133 144 111 106 94 93 92 93 94 97 107 107 106 105
61 64 54 47 66 70 74 77 84 87 94 97 105 108 117 124 125 126 133 136 146 149 152 155 158 158 166 169 175 163 168 171 169 167 125 118 159 175 178 156 162 185 171 147 165 156 183 166 153 172 183 182 176 170 181 155 180 165 169 183 216 227 250 250 250 249 245 239 228 238 224 206 179 172 162 150 121 106 130 144 123 125 103 98 91 90 91 91 92 92 92 92 102 103
57 49 44 48 56 66 72 74 80 83 92 96 106 111 120 124 128 134 140 143 144 146 148 149 141 154 160 165 168 135 171 165 142 161 141 114 138 161 139 130 143 161 159 132 158 148 160 146 151 152 146 145 160 161 174 164 140 133 175 194 186 194 220 197 198 216 236 237 237 240 210 199 155 130 145 138 127 101 125 109 100 97 89 88 87 88 89 89 89 88 87 88 89 90
53 42 55 59 64 66 70 72 78 82 93 96 104 107 118 122 126 131 136 139 143 144 146 146 142 152 153 161 156 136 169 164 125 155 133 117 142 149 136 122 136 134 147 125 148 143 147 135 145 134 139 138 155 152 168 158 128 146 185 191 172 184 186 173 184 209 225 230 230 233 206 193 157 130 133 123 126 98 103 96 92 90 85 85 86 87 88 88 88 86 86 87 89 90
40 41 54 55 58 58 56 64 64 72 83 90 99 106 105 114 124 125 133 138 138 129 136 137 143 144 139 152 138 124 152 156 115 148 146 137 106 116 115 109 114 110 112 113 114 115 117 121 119 119 123 126 135 130 138 134 148 147 151 158 158 159 134 138 179 164 199 190 205 215 190 172 154 142 104 106 102 91 86 84 80 80 81 82 83 84 85 85 85 84 84 85 87 88
40 40 49 51 53 53 56 58 58 65 78 85 93 94 113 122 132 132 136 140 141 131 131 129 140 135 142 152 153 132 119 133 112 138 137 129 96 103 100 99 101 103 106 108 109 111 114 117 116 114 117 117 121 123 124 120 134 132 135 143 154 138 132 154 160 153 167 160 189 196 187 163 139 135 110 97 89 85 81 79 78 78 80 81 82 82 83 84 84 83 83 84 86 87
