landfire_data/ELEV2020.asc
ncols        218
nrows        221
xllcorner    -2089905.000000000000
yllcorner    1491735.000000000000
cellsize     90.000000000000
NODATA_value -9999
[rows 42 to 83 of 221, columns 94 to 187 of 218]
115 136 139 127 102 90 84 84 85 85 85 87 88 88 88 88 88 88 89 90 89 90 91 91 93 93 93 93 94 94 95 96 97 97 98 99 99 99 100 100 100 101 101 101 101 101 101 101 101 102 102 102 102 102 102 102 102 103 103 104 104 104 104 104 104 105 105 105 105 106 106 106 107 107 108 109 109 109 110 110 111 111 111 111 112 112 113 113 115 116 118 119 121 122
115 136 170 152 119 98 97 93 85 85 86 88 89 89 89 89 89 89 89 89 90 90 90 91 93 94 93 94 94 95 96 96 97 97 98 99 99 100 100 100 101 101 101 101 101 101 101 101 102 102 102 102 102 102 102 102 103 103 103 103 104 104 105 105 105 105 105 105 106 106 106 107 107 107 108 109 109 110 110 110 111 111 111 111 112 112 113 114 115 116 118 119 121 122
139 144 179 165 110 105 153 148 125 112 108 96 92 93 92 90 89 89 89 89 91 92 91 93 96 96 96 95 96 96 97 97 98 98 99 99 101 101 101 101 102 102 102 102 102 102 102 102 102 102 102 102 102 102 102 102 103 103 103 103 104 104 104 104 105 105 106 106 106 107 107 107 108 108 109 109 110 110 111 111 112 112 112 113 113 114 114 115 116 118 119 120 123 124
153 169 165 140 108 111 170 167 129 133 121 100 96 94 92 91 89 89 90 90 92 94 95 96 97 97 96 96 96 96 97 97 98 98 99 100 101 101 102 102 102 103 103 103 103 103 102 102 102 102 102 102 102 102 102 102 103 103 103 103 104 104 104 104 105 105 106 106 106 107 107 107 108 108 109 110 111 111 111 112 112 112 113 114 114 115 115 116 117 118 120 121 123 124
172 187 151 139 117 139 155 192 167 160 120 113 128 109 100 98 97 97 96 96 98 98 98 98 100 100 97 97 97 97 97 98 98 99 100 100 102 103 103 103 104 104 104 104 104 104 103 103 103 103 103 103 103 103 103 103 103 103 103 103 104 104 105 105 105 105 106 106 107 108 108 108 109 109 110 111 112 112 113 113 114 115 116 116 117 117 117 117 118 119 121 123 125 126
176 165 129 121 140 167 159 190 189 164 130 135 127 108 109 118 102 100 97 97 100 101 102 106 106 103 104 101 97 97 98 98 99 99 100 101 102 103 103 104 104 105 105 105 104 104 104 104 104 103 103 103 103 103 103 103 103 103 104 104 104 105 105 105 105 105 106 107 108 108 109 109 109 110 111 111 113 113 114 115 115 116 118 118 118 119 118 118 119 119 121 123 125 127
155 146 136 124 153 160 188 218 215 193 165 153 119 114 128 137 157 147 133 130 119 115 107 111 111 108 110 114 116 110 110 109 100 100 101 102 103 104 105 105 106 106 107 107 106 106 105 105 105 104 103 103 104 103 103 104 104 104 105 105 105 106 107 106 106 107 108 109 109 110 110 110 112 112 114 114 114 115 116 117 118 119 121 122 122 121 121 120 120 120 122 123 126 128
170 158 131 134 161 181 199 229 233 211 168 141 119 125 138 140 182 169 154 154 134 121 116 115 114 112 112 116 113 113 114 116 102 102 102 103 104 104 105 106 107 107 107 107 107 107 106 106 105 105 104 104 104 104 104 104 105 105 106 106 106 106 107 106 108 108 109 110 112 112 112 112 114 114 115 116 116 116 118 118 120 121 123 123 123 123 122 122 121 121 122 123 126 128
179 146 150 160 155 174 224 225 206 182 159 139 137 130 158 173 206 199 183 182 136 126 146 141 133 140 120 118 115 115 115 109 107 105 104 105 106 107 108 108 109 109 109 109 110 109 108 108 107 106 105 105 104 105 106 106 108 108 109 109 109 109 109 110 115 116 117 117 117 116 115 115 118 118 119 119 119 119 120 121 123 124 126 127 127 126 125 125 123 123 124 125 132 135
177 152 179 168 174 171 231 222 173 171 144 143 142 132 170 188 204 202 190 184 141 141 136 143 149 147 137 129 117 116 111 110 108 106 106 106 107 108 109 109 110 111 111 111 111 110 109 109 107 107 106 105 105 105 106 107 110 110 111 110 110 110 111 113 117 119 121 121 120 118 116 117 119 120 122 122 121 120 121 122 124 125 127 129 129 128 127 126 125 125 126 130 136 137
186 170 168 183 173 196 239 219 191 185 169 179 170 148 161 173 220 213 217 206 179 161 160 164 154 142 155 158 128 128 113 114 112 110 109 109 110 111 111 112 112 113 113 113 113 113 112 111 110 111 132 129 124 126 131 116 114 115 116 115 113 112 113 115 120 123 127 127 124 123 132 124 124 125 127 127 125 124 124 125 127 128 130 131 132 131 131 133 133 134 136 137 140 141
201 188 174 194 180 204 235 220 214 188 194 185 167 164 160 172 232 241 230 206 197 189 178 171 152 152 163 165 146 139 128 118 114 112 110 111 112 112 113 113 113 114 114 114 114 114 112 112 116 130 137 140 143 144 148 138 119 118 118 118 115 114 114 116 122 129 131 130 127 128 140 134 133 128 129 129 128 127 126 127 129 130 131 133 135 135 137 137 137 138 140 141 142 144
231 204 170 200 209 219 237 244 229 227 225 222 200 186 183 196 248 267 248 233 232 225 193 189 179 177 173 172 158 158 131 128 117 115 113 114 116 116 117 116 115 115 116 116 116 116 115 118 132 138 144 145 153 158 137 127 134 126 125 126 140 141 147 171 180 165 137 139 174 177 173 179 165 152 135 135 133 132 129 130 134 134 137 138 139 141 140 141 143 145 151 164 173 162
226 215 184 204 216 229 245 255 246 244 240 232 222 198 191 214 263 280 256 244 237 237 210 204 198 185 176 175 161 170 132 156 141 125 116 116 117 118 119 118 117 116 117 117 118 118 118 121 132 141 158 153 158 157 135 141 147 138 128 131 168 173 181 200 178 150 139 146 184 198 196 194 167 149 138 138 137 140 138 138 137 137 140 141 141 142 143 144 148 155 166 176 184 187
258 258 203 234 252 252 262 272 266 271 269 263 240 230 225 240 285 297 273 261 240 231 237 237 203 190 185 188 210 204 143 171 223 199 163 143 121 122 123 122 119 118 118 119 120 120 130 143 147 155 183 188 174 168 146 142 184 193 152 134 146 159 210 229 176 150 156 184 223 248 235 242 187 171 151 147 156 171 176 179 158 144 160 186 161 147 154 170 196 192 193 228 232 217
309 285 231 243 267 265 278 282 275 293 282 278 252 242 235 254 282 309 293 274 260 245 274 271 215 202 195 199 218 214 152 174 251 239 204 173 135 126 125 124 120 119 119 120 122 122 134 152 160 176 196 200 189 188 161 145 173 209 183 148 152 174 196 231 175 151 161 176 214 235 259 264 201 185 164 158 162 180 206 210 169 149 174 195 160 150 165 179 222 218 219 249 260 224
361 334 265 274 298 301 295 308 301 321 319 310 291 268 273 273 301 317 296 285 270 282 293 307 261 247 219 227 238 230 209 219 207 212 200 200 179 154 135 146 132 142 136 130 125 125 166 188 201 205 237 234 229 223 175 161 168 190 241 197 149 184 233 213 204 186 159 179 222 240 272 284 234 203 174 171 176 195 246 239 183 158 177 198 175 155 158 166 186 194 212 245 266 260
362 330 275 285 320 321 310 311 320 336 330 324 313 289 295 290 314 324 304 287 285 292 291 303 295 285 240 239 260 244 217 203 179 183 166 163 150 134 150 165 148 160 148 136 126 127 179 200 226 235 253 264 256 249 179 171 190 181 255 215 151 174 245 237 237 216 166 166 206 222 249 274 249 213 186 181 193 202 255 230 177 161 181 206 174 158 164 176 192 203 213 228 253 267
369 365 307 307 327 339 345 339 344 363 362 355 338 323 319 340 345 353 327 303 294 301 306 298 287 290 276 266 260 252 185 173 162 147 143 149 142 143 191 199 191 181 171 166 128 130 142 150 180 219 269 291 291 276 217 211 261 260 257 264 193 162 237 260 271 249 199 172 192 181 203 240 292 256 203 186 216 225 255 229 180 184 214 231 174 174 157 165 179 193 195 191 211 228
369 389 322 318 333 349 358 356 344 368 385 385 368 366 337 367 378 379 332 310 298 301 305 300 289 291 280 260 232 219 197 165 153 146 173 191 159 147 207 226 216 207 202 186 137 129 153 164 168 204 259 284 319 305 245 212 280 280 270 271 196 167 219 260 278 269 221 178 230 216 197 234 307 275 214 190 220 225 241 249 195 209 210 232 197 201 161 160 194 207 196 187 210 221
391 429 363 373 358 369 380 388 385 395 414 411 415 398 394 427 412 387 351 341 324 320 301 298 294 290 264 245 228 213 188 177 151 160 212 258 189 171 189 224 283 284 229 197 166 137 153 193 245 240 229 258 328 336 290 238 306 304 297 297 229 184 226 276 314 305 210 187 262 290 213 213 287 305 236 217 217 224 246 243 230 232 251 250 211 201 174 177 170 170 184 193 223 235
407 435 388 379 380 392 395 398 408 419 431 424 431 423 433 437 417 398 355 347 333 326 301 297 297 307 260 247 229 220 204 209 154 167 233 269 226 197 199 243 310 302 228 196 158 140 150 185 259 273 264 252 325 350 291 246 310 319 306 302 230 192 214 246 333 311 213 200 277 308 241 213 268 308 258 238 224 237 258 263 249 248 258 242 194 187 187 185 185 177 214 212 224 260
448 460 457 466 461 452 458 445 445 460 456 455 458 468 447 430 410 399 370 364 342 333 306 305 331 324 257 239 234 238 211 201 161 196 238 291 281 273 222 269 343 321 241 231 158 135 176 200 236 268 298 317 342 350 319 303 323 339 316 300 260 221 190 232 282 268 215 237 318 337 286 242 287 318 325 289 255 280 300 321 302 284 248 236 216 213 203 187 191 193 201 204 213 220
474 488 498 504 485 478 493 477 469 489 474 474 479 475 443 435 414 407 384 379 355 339 322 336 326 311 257 231 215 209 189 188 167 184 247 297 308 304 247 295 353 332 275 239 158 138 182 198 221 237 286 320 353 357 336 335 342 352 338 329 277 253 187 205 254 261 236 269 293 321 305 261 291 323 336 306 267 293 323 350 342 317 271 242 237 238 213 197 183 202 232 232 227 235
514 531 568 573 539 520 528 547 540 580 563 550 523 498 448 439 419 414 406 403 364 357 342 336 314 299 237 225 217 208 186 180 182 205 246 287 361 357 307 358 326 295 250 222 153 140 219 235 255 268 305 319 349 356 379 392 400 403 399 382 332 287 204 248 228 266 244 290 325 318 353 312 340 374 392 379 325 357 392 411 399 364 293 296 299 292 242 218 193 211 226 237 259 271
546 555 593 616 572 548 548 570 588 619 638 597 555 521 464 448 427 421 419 415 366 359 345 335 294 288 241 231 216 207 219 213 200 223 296 329 368 360 347 378 316 289 218 190 162 143 204 216 258 275 310 321 334 347 381 401 420 419 402 383 335 292 224 278 227 274 254 281 333 354 377 352 351 393 434 410 344 386 427 442 391 349 335 341 336 319 244 228 197 204 237 251 281 299
617 616 664 689 693 687 640 653 686 674 633 634 600 571 546 531 498 482 431 416 376 366 345 337 291 275 247 236 279 282 282 227 272 301 350 376 364 361 393 412 382 370 326 297 219 168 163 168 185 240 282 298 322 332 336 367 430 409 362 333 264 263 298 339 275 298 332 298 328 374 445 443 419 445 487 451 413 430 504 487 439 431 431 413 354 341 293 287 249 234 215 257 302 329
662 663 676 669 663 678 680 679 681 667 614 609 597 598 564 559 538 512 456 421 383 367 341 339 296 279 264 265 304 316 285 254 303 345 384 381 367 372 403 410 368 352 313 279 208 165 192 215 170 222 252 279 317 320 342 373 425 413 369 328 270 315 355 364 289 307 361 328 334 367 437 474 441 457 512 494 463 472 527 509 458 454 465 448 400 390 327 322 282 277 222 241 281 326
683 666 624 605 595 631 614 626 634 623 592 563 546 547 566 579 588 570 537 501 440 421 389 387 320 308 309 339 375 373 315 347 404 407 388 380 382 406 400 383 339 324 308 272 207 176 166 205 186 208 286 295 273 300 357 385 414 394 344 326 312 356 405 388 304 324 349 365 316 350 441 463 480 498 527 547 553 554 543 519 499 491 507 506 486 446 410 406 374 321 278 254 270 304
658 646 595 573 580 611 598 586 618 608 552 539 517 515 534 550 570 586 557 533 470 454 419 384 365 352 338 379 402 353 370 398 422 407 394 383 397 407 374 360 317 297 302 286 210 178 152 183 215 193 253 257 297 327 376 406 399 379 326 308 315 356 392 365 308 345 330 353 344 345 398 428 470 485 494 519 563 554 544 532 516 510 517 521 517 498 461 457 411 358 311 289 285 332
623 606 522 506 570 559 528 555 571 556 543 514 492 482 492 496 547 583 584 565 477 442 412 417 447 435 438 464 413 400 450 452 430 416 400 404 378 340 295 299 239 241 240 236 173 155 160 185 219 262 258 249 294 322 371 405 388 352 348 371 350 356 395 376 332 369 382 376 383 377 397 408 425 435 492 508 518 511 480 497 500 501 500 504 501 491 501 497 468 445 376 331 287 345
593 579 508 471 542 519 499 546 537 539 523 506 492 482 479 490 535 551 550 562 516 486 469 465 494 481 490 504 446 445 466 454 423 410 405 412 383 345 280 257 213 215 199 193 155 166 182 168 202 237 293 281 296 324 382 408 370 340 376 391 370 378 402 384 347 373 392 397 398 392 426 439 465 467 470 467 487 473 439 469 454 460 471 472 474 466 483 481 460 435 381 343 284 319
527 536 498 451 470 445 498 488 476 501 501 475 477 478 425 440 490 475 468 477 518 529 532 532 554 553 538 528 514 504 488 478 423 402 394 419 352 320 276 253 220 226 225 211 158 181 249 239 219 249 323 328 322 339 391 413 363 360 407 412 406 426 426 409 384 403 433 435 436 418 452 474 467 463 425 411 441 424 401 426 397 389 411 436 407 420 430 423 435 428 384 351 339 365
499 506 498 459 445 410 473 457 482 507 500 471 464 457 402 428 462 447 436 445 497 504 489 492 530 531 493 481 477 456 452 463 418 396 342 372 362 335 296 277 257 265 233 197 166 200 267 270 238 276 354 356 355 361 394 417 371 369 413 428 424 442 448 427 408 424 438 437 453 441 452 436 430 435 401 387 413 414 394 403 387 377 407 430 404 387 398 387 403 404 373 348 344 387
474 486 437 404 395 370 413 415 445 464 477 449 447 424 377 419 405 391 413 430 456 443 436 444 479 466 433 397 378 371 373 373 363 333 277 291 344 339 300 281 242 224 193 166 189 207 262 296 318 314 353 363 399 409 434 442 394 397 432 440 429 428 416 421 396 393 377 372 398 430 409 386 391 367 381 355 409 434 384 367 373 364 416 420 400 373 360 352 377 357 329 312 351 374
460 474 436 392 371 366 396 401 427 449 469 440 422 405 366 402 380 373 406 426 453 424 411 422 455 446 409 392 343 338 350 340 371 354 274 267 316 317 310 287 242 220 184 167 217 240 273 292 318 325 336 351 392 404 425 443 406 417 405 408 405 406 394 394 371 371 363 366 403 436 390 376 369 353 366 352 400 430 396 373 362 368 429 411 383 387 344 340 354 344 319 339 343 378
449 445 418 398 341 346 366 376 415 420 458 424 357 371 370 395 361 361 401 425 421 397 395 395 398 406 377 353 324 304 299 308 337 325 291 256 261 273 299 289 284 269 212 175 213 234 258 267 278 285 336 343 329 343 381 369 372 382 359 362 367 362 351 349 345 347 354 364 393 425 404 401 386 362 344 363 392 399 382 367 354 376 422 421 371 349 333 342 346 347 360 352 351 353
446 440 402 391 337 334 355 363 393 402 444 418 344 353 361 385 346 352 395 424 402 377 378 375 378 384 369 349 315 301 285 297 326 306 283 253 248 259 297 283 258 254 216 181 199 222 245 250 260 275 313 315 308 327 345 328 331 364 342 348 349 342 339 340 345 352 354 365 408 413 393 387 381 381 343 370 399 398 366 359 360 389 441 417 375 342 369 385 382 386 358 376 349 356
432 429 391 367 335 317 324 339 358 372 423 417 343 324 345 347 326 340 399 417 359 346 338 341 348 375 332 312 300 289 281 272 290 283 264 255 226 227 270 263 220 207 183 181 189 180 194 206 233 262 257 263 277 303 279 261 290 341 332 327 328 332 353 364 380 414 385 385 430 407 368 361 353 345 331 348 370 384 357 351 368 395 421 386 362 388 422 394 375 369 410 416 378 371
417 407 385 366 328 312 317 330 349 358 404 403 350 322 336 326 325 341 386 399 356 333 324 327 349 365 339 311 275 272 273 262 259 260 255 247 214 212 254 236 211 189 181 207 214 209 185 193 219 244 240 238 283 290 250 241 279 327 329 324 334 354 366 392 382 417 414 418 451 426 391 387 365 355 333 336 369 372 347 345 375 397 393 365 388 421 418 401 378 388 427 433 388 376
414 388 357 347 321 305 313 327 346 359 400 373 346 333 307 319 365 392 357 349 346 338 309 316 329 340 379 355 318 299 262 246 227 218 209 205 215 216 198 192 191 206 204 228 256 267 253 223 194 208 207 235 235 229 227 242 318 357 323 321 336 355 371 380 421 423 397 393 403 395 362 359 372 358 329 336 345 337 332 336 347 359 389 390 442 440 427 403 399 412 375 394 396 353
411 391 337 329 304 298 315 331 368 387 392 374 329 322 307 335 379 402 347 329 329 339 306 310 317 332 377 387 348 332 294 277 267 254 251 225 198 192 186 196 225 236 194 230 270 282 285 257 200 194 208 216 211 217 252 270 332 352 318 317 324 335 352 364 403 389 379 376 392 392 374 359 354 343 330 330 330 327 338 341 360 368 397 392 437 447 431 410 406 383 341 374 366 345
