landfire_data/ELEV2020.asc
ncols        218
nrows        221
xllcorner    -2089905.000000000000
yllcorner    1491735.000000000000
cellsize     90.000000000000
NODATA_value -9999
[rows 0 to 41 of 221, columns 0 to 93 of 218]
-9999 -9999 -9999 -9999 -9999 -9999 -9999 -9999 -9999 -9999 -9999 -9999 -9999 -9999 -9999 -9999 -9999 -9999 -9999 -9999 -9999 -9999 -9999 -9999 -9999 -9999 -9999 -9999 -9999 -9999 -9999 -9999 -9999 -9999 -9999 -9999 -9999 -9999 -9999 -9999 -9999 -9999 -9999 -9999 -9999 -9999 -9999 -9999 -9999 -9999 -9999 -9999 -9999 -9999 -9999 -9999 -9999 -9999 -9999 -9999 -9999 -9999 -9999 -9999 -9999 -9999 -9999 -9999 -9999 -9999 -9999 -9999 -9999 -9999 -9999 -9999 -9999 -9999 -9999 -9999 -9999 -9999 -9999 -9999 -9999 -9999 -9999 -9999 -9999 -9999 -9999 -9999 -9999 -9999
229 209 234 216 239 220 176 166 193 202 248 266 226 203 191 204 199 197 177 165 151 160 182 207 236 232 235 224 232 254 277 301 253 245 229 215 211 206 229 212 186 181 175 166 170 154 145 152 171 159 175 181 218 201 204 195 228 244 198 186 168 158 155 154 153 151 143 148 149 148 177 194 249 268 263 238 283 283 273 274 292 305 257 235 218 209 191 212 216 245 283 259 304 272
194 184 194 185 221 213 169 162 180 192 233 259 224 208 180 176 173 171 159 156 152 158 172 179 188 187 203 211 234 242 290 308 257 240 217 225 236 216 234 218 184 183 164 152 146 141 142 145 150 156 173 183 186 183 190 197 222 228 200 188 169 157 153 152 150 151 143 139 146 146 178 189 206 208 235 234 233 236 242 259 289 315 303 300 248 215 190 181 212 217 236 238 255 260
174 175 178 181 203 200 161 164 183 181 223 246 213 196 180 175 163 164 159 154 159 178 170 171 189 204 229 234 258 277 302 306 267 242 230 242 236 227 241 214 204 201 162 155 155 153 139 141 163 171 189 199 181 179 186 192 209 225 226 209 181 163 153 152 149 151 147 141 144 145 173 182 204 217 241 225 221 225 240 259 300 319 317 296 237 231 198 176 178 207 217 233 237 243
205 197 176 172 160 165 170 182 223 221 240 259 223 200 216 214 195 179 156 148 166 195 207 196 198 212 226 248 279 256 245 248 260 242 257 257 256 266 224 214 193 172 174 192 173 169 137 138 159 162 171 181 176 182 195 202 231 253 279 259 214 178 151 150 148 148 147 144 135 138 164 178 212 213 215 199 208 222 256 258 271 270 286 280 251 236 231 215 164 178 196 213 203 196
228 222 192 192 168 156 183 205 226 233 239 259 226 216 227 214 208 184 154 145 159 184 191 207 194 204 237 258 264 237 226 236 256 261 256 240 239 254 220 200 177 173 195 194 158 152 135 137 150 160 187 182 180 203 218 228 249 249 249 251 230 189 150 148 145 146 146 144 139 133 146 170 194 193 194 190 209 223 242 230 249 250 297 308 275 263 213 197 163 170 185 191 189 185
223 224 220 199 165 154 184 198 184 187 212 236 236 221 204 183 194 181 144 142 155 158 181 183 202 213 256 263 239 229 219 210 232 252 240 224 215 233 221 215 217 220 225 206 178 172 138 138 176 194 171 171 183 195 195 196 205 205 209 204 171 162 149 146 144 143 142 142 140 139 131 134 152 155 177 185 200 205 214 209 219 256 277 268 284 273 236 211 184 157 170 169 179 205
196 202 215 192 158 151 171 177 177 190 224 247 213 200 198 183 174 173 141 141 150 157 169 177 195 205 240 236 223 218 204 214 253 268 262 239 211 234 247 242 242 246 250 229 207 191 138 137 171 165 159 159 180 180 182 194 192 196 201 210 167 158 147 145 143 141 141 141 139 138 135 130 147 176 197 200 200 213 219 195 235 243 262 250 258 265 228 213 176 156 166 163 201 210
171 187 215 193 157 149 177 168 205 231 257 252 201 180 168 163 154 151 144 139 156 173 196 194 214 223 206 207 210 196 207 224 252 274 254 231 195 203 197 187 188 185 197 206 167 155 138 130 148 163 188 192 188 189 191 183 180 184 203 220 166 149 142 141 139 139 138 139 137 136 134 132 129 147 191 225 211 228 198 180 196 219 227 239 227 243 220 213 164 146 153 157 194 200
168 181 202 181 151 152 193 186 192 205 241 249 204 197 182 185 177 160 149 140 161 182 220 220 204 204 191 198 211 187 204 208 239 267 246 230 208 196 180 182 166 165 189 204 183 179 136 129 161 173 172 179 174 183 178 171 177 182 217 225 167 146 140 139 138 138 137 138 137 135 133 132 124 132 183 219 224 228 197 174 214 227 221 231 211 225 190 188 155 143 153 155 185 192
157 155 183 168 151 162 189 214 206 204 233 257 251 235 201 187 166 155 144 135 168 185 188 188 182 181 174 176 177 201 239 240 232 239 237 242 211 197 220 203 193 178 152 149 152 154 137 134 126 137 146 162 158 164 157 161 174 180 215 215 164 147 136 136 134 134 134 135 134 134 131 129 117 127 154 183 191 191 169 175 214 218 196 212 199 202 208 198 141 138 145 146 156 176
166 155 157 152 156 172 198 215 217 223 239 260 276 259 211 191 164 153 144 134 154 170 168 169 170 164 170 183 182 201 227 219 220 242 224 219 204 194 220 197 175 167 165 155 141 140 134 133 123 130 137 144 147 149 159 176 184 191 223 215 175 148 135 134 133 133 132 133 133 132 130 128 117 127 150 183 179 178 159 182 223 225 186 214 198 194 209 205 155 135 139 141 147 163
186 158 169 152 159 174 234 238 229 220 257 284 244 230 223 214 193 155 132 133 152 151 171 183 169 194 219 219 210 196 199 212 223 242 264 249 243 236 215 205 205 200 189 182 179 178 148 134 121 131 155 167 174 177 163 159 180 196 223 215 179 153 133 131 130 130 130 130 131 130 128 127 115 124 134 182 181 151 193 215 213 203 172 192 192 178 177 175 159 146 130 129 124 126
169 162 173 153 158 177 236 210 190 200 249 253 222 207 204 192 178 149 131 139 176 182 200 221 181 187 212 227 216 203 214 225 241 257 275 267 239 231 223 228 202 185 169 163 165 166 138 130 119 126 159 172 189 181 181 167 191 209 230 213 175 161 132 130 128 128 129 129 129 129 127 126 114 121 127 162 166 145 208 209 195 195 169 188 171 172 162 161 146 137 128 127 122 120
198 210 182 154 157 171 184 175 186 205 188 224 230 209 172 163 153 148 129 134 171 175 207 222 213 217 234 235 255 241 259 255 236 230 238 255 228 221 193 190 190 186 171 165 137 134 133 124 118 129 148 147 155 170 206 200 191 203 233 211 193 186 132 127 125 126 126 126 126 126 124 124 114 117 121 125 155 136 178 170 164 155 152 149 143 139 137 136 129 123 123 122 118 117
228 218 170 149 152 153 168 157 177 204 184 213 226 200 196 183 158 146 130 140 180 193 186 211 208 215 218 221 249 257 256 243 228 220 241 251 214 208 191 179 178 177 162 149 135 133 124 124 121 133 170 169 160 173 207 214 215 218 227 208 189 186 134 126 124 125 125 125 125 124 123 122 115 114 119 120 147 129 161 157 150 143 142 137 136 134 133 131 123 121 120 119 116 115
195 173 162 168 145 138 139 145 150 166 192 183 193 208 194 177 150 139 127 133 152 152 159 165 181 189 212 227 249 271 269 246 216 203 221 215 217 206 184 179 166 161 150 161 156 137 127 118 123 130 143 158 196 196 208 218 245 257 219 202 185 181 150 123 121 121 122 122 121 121 119 119 117 109 117 117 117 115 137 137 134 132 130 127 123 121 121 120 116 116 115 115 112 111
205 203 195 200 165 149 133 139 158 184 174 165 176 195 198 179 146 134 125 131 143 152 180 178 198 201 214 229 267 279 271 257 209 197 209 200 212 216 203 185 181 177 162 162 156 149 126 115 122 132 140 149 187 193 198 210 229 253 213 196 182 179 155 124 119 120 121 120 119 119 118 118 116 107 116 116 116 113 117 130 128 126 125 123 117 115 118 118 113 114 113 113 111 110
216 209 194 174 161 156 133 137 146 150 148 149 172 184 164 156 135 130 122 128 155 156 186 200 219 233 231 223 240 267 248 238 221 196 202 181 181 197 209 204 195 184 149 145 132 129 124 114 130 146 148 149 160 166 182 200 241 228 204 181 170 169 159 123 116 117 118 117 116 115 114 114 114 104 114 114 114 122 110 111 117 116 114 109 104 106 108 108 110 110 109 108 107 107
207 195 194 182 148 140 128 133 138 138 141 146 169 187 163 154 136 129 124 129 170 179 175 185 206 220 206 201 242 250 239 230 204 193 199 185 175 188 191 191 178 175 152 145 137 127 117 110 133 152 158 158 171 178 202 222 223 213 191 172 160 157 148 121 114 115 115 114 114 113 113 112 113 105 113 114 113 117 109 110 112 112 109 106 107 107 104 104 109 108 107 107 106 105
175 178 162 146 139 140 159 138 125 125 134 140 174 189 192 168 135 128 118 125 154 168 194 204 191 177 203 219 251 231 210 213 200 181 167 168 167 169 165 173 166 155 165 170 130 120 111 101 128 135 137 146 165 185 196 201 186 179 158 151 140 137 128 112 111 112 111 111 110 109 109 110 111 106 111 113 109 109 110 108 105 105 104 105 100 100 104 104 105 106 104 103 103 102
161 165 149 152 157 146 162 154 136 126 132 142 175 171 194 177 135 127 117 123 146 170 173 186 170 173 206 229 248 232 201 207 209 190 164 159 163 171 158 175 170 155 156 165 130 121 108 102 120 126 147 150 174 190 184 184 174 167 145 140 133 130 119 110 110 110 109 110 108 108 108 108 109 106 109 110 107 106 106 106 105 103 102 103 100 100 103 103 103 104 102 102 101 100
192 184 195 193 164 169 148 151 141 131 122 131 142 154 189 169 131 123 115 115 132 136 150 159 183 202 234 232 258 240 191 178 206 198 189 176 145 153 154 160 163 161 144 160 151 134 101 114 142 158 179 178 173 169 153 150 153 148 129 126 120 119 107 106 107 107 106 106 105 105 106 106 107 106 107 105 106 104 103 101 101 102 88 91 100 100 100 101 100 100 99 99 98 98
213 208 203 182 176 159 142 139 133 130 122 119 159 172 172 162 126 122 115 113 149 150 176 188 203 227 225 213 252 253 206 182 187 195 181 169 144 141 151 150 147 145 138 144 141 122 100 109 140 162 167 164 153 156 148 139 141 137 123 120 115 113 105 105 105 105 105 105 103 104 105 105 106 106 105 102 103 104 103 100 101 101 89 91 99 99 99 100 98 98 97 97 96 96
242 228 214 206 177 181 182 173 146 129 123 118 142 162 142 130 120 119 111 134 163 171 189 194 212 244 227 193 201 225 192 179 157 164 153 149 145 135 138 137 134 131 130 130 122 99 104 106 137 145 134 138 139 130 131 125 124 119 111 109 105 103 102 103 102 102 102 101 101 101 103 102 103 104 103 101 101 98 98 99 99 98 98 97 97 97 97 95 95 95 95 95 94 94
235 222 201 203 200 204 180 157 135 128 122 119 151 171 144 136 119 118 113 130 144 151 166 176 226 247 229 192 202 212 181 169 147 155 147 144 140 131 132 131 128 125 123 123 116 98 102 103 124 133 126 125 121 120 122 117 116 111 106 104 101 100 101 101 101 100 100 100 99 100 101 101 101 103 101 101 100 99 97 97 97 97 97 97 94 94 94 94 94 94 94 94 93 93
191 182 170 178 202 191 164 155 136 126 114 117 152 149 166 148 120 114 105 117 154 169 208 219 226 221 198 189 170 176 163 148 140 140 135 132 127 125 117 118 114 112 111 110 104 95 97 97 103 108 110 108 106 105 104 103 101 99 96 96 97 98 98 98 98 98 97 97 98 98 98 99 99 99 97 99 99 98 96 97 95 95 96 95 89 91 94 94 93 92 91 90 90 90
175 166 161 169 215 210 189 173 134 124 114 110 150 140 179 166 125 118 109 114 148 171 212 204 198 200 181 173 151 152 143 134 133 132 128 123 119 118 112 112 108 106 105 104 99 93 95 96 99 101 101 100 98 98 98 97 94 93 94 94 96 96 97 97 97 97 96 96 97 97 97 98 98 98 95 97 95 96 97 96 94 94 95 95 84 92 93 92 92 91 90 89 89 89
186 173 150 164 190 196 185 168 136 125 108 107 128 144 182 186 138 116 104 115 174 192 163 164 147 160 161 158 136 132 119 113 116 116 109 104 103 104 105 104 100 98 96 95 94 92 93 93 91 90 88 89 87 87 88 89 90 91 91 92 93 94 94 94 94 94 93 94 94 95 95 95 95 96 91 96 96 95 94 94 94 94 94 94 93 92 90 90 89 88 88 88 88 88
169 158 146 158 173 196 172 160 142 137 114 108 137 150 181 171 128 115 101 115 176 171 149 148 134 149 155 146 125 122 112 108 107 104 96 95 100 101 101 100 96 94 93 92 93 91 92 91 90 88 88 87 85 85 86 87 89 89 90 91 92 92 93 93 92 93 93 94 93 94 94 93 95 95 90 95 94 94 93 93 93 93 93 93 91 90 89 89 88 88 87 87 87 87
153 142 132 141 172 176 179 155 131 126 112 110 117 144 163 153 115 109 99 108 139 134 120 118 114 115 117 110 106 103 98 98 93 89 86 86 89 90 93 92 89 89 90 88 90 91 90 89 88 87 85 85 84 84 84 85 87 87 88 89 89 90 90 90 90 90 90 90 91 91 91 91 91 92 89 93 92 92 91 91 91 91 92 91 90 89 88 88 87 86 86 86 86 86
152 142 129 144 164 174 171 149 128 119 110 109 118 129 151 149 113 108 100 103 115 118 108 107 105 104 103 97 96 93 92 93 90 87 84 84 86 87 88 89 87 87 89 88 89 90 89 88 87 86 85 84 83 83 84 85 86 86 87 87 88 88 89 89 89 88 90 89 90 90 90 90 90 91 90 92 90 91 90 89 90 91 90 90 89 89 88 87 87 86 85 85 85 85
158 141 123 127 148 154 150 147 147 138 106 106 106 117 117 113 103 102 96 95 99 98 96 95 94 93 89 88 86 85 86 85 84 83 82 81 82 82 84 85 84 84 87 86 87 87 87 87 85 85 83 83 82 82 83 83 83 84 85 85 86 86 86 86 86 86 87 87 88 88 88 88 88 88 87 89 89 89 89 89 88 88 88 88 87 87 87 86 86 85 84 84 84 84
143 142 120 124 138 140 140 131 127 121 104 104 101 103 103 100 99 99 98 96 97 96 94 93 91 90 88 87 85 84 84 83 82 82 81 81 81 81 82 83 83 84 86 85 86 86 85 85 84 84 82 82 82 82 82 82 83 83 84 84 85 85 85 85 85 86 86 86 87 87 87 87 87 87 87 89 88 89 88 87 87 87 87 87 87 86 86 85 85 85 84 84 84 84
123 119 117 111 109 106 104 100 97 96 98 99 97 100 98 97 96 96 95 95 93 94 93 92 90 89 87 86 84 83 82 81 81 80 80 79 80 80 80 81 82 83 84 84 84 84 84 84 83 83 81 81 81 80 80 80 81 81 82 81 83 83 83 83 84 84 84 84 85 85 85 85 85 85 85 90 86 86 86 86 86 87 85 84 83 82 83 84 84 84 83 84 84 84
109 106 104 104 100 98 96 93 93 94 96 97 97 98 98 97 95 95 94 94 91 93 92 91 89 89 86 86 84 83 81 81 80 79 78 78 79 79 80 80 82 83 83 83 83 83 83 82 82 81 80 79 77 77 77 77 80 80 80 80 82 82 82 82 82 83 83 83 84 84 84 84 84 88 83 86 85 86 85 85 86 83 81 82 82 82 83 83 84 84 83 83 84 84
93 92 94 95 93 90 89 90 92 92 94 95 96 96 96 95 94 93 92 92 90 91 91 90 89 88 86 85 83 82 80 80 79 78 77 77 78 78 79 80 81 81 81 81 81 81 75 74 75 75 75 75 75 75 75 75 75 76 76 76 77 78 80 80 80 80 82 81 82 83 85 84 83 83 83 85 84 83 83 83 80 80 81 81 81 81 80 81 81 81 83 83 83 84
92 90 90 92 90 88 88 89 91 91 93 94 95 94 95 94 93 92 91 91 90 90 90 90 88 88 86 85 83 82 80 79 78 78 77 77 78 78 79 80 80 80 80 80 78 75 74 74 75 75 74 74 75 75 75 75 75 75 76 76 76 77 79 79 78 78 80 81 86 85 82 83 82 83 83 84 83 83 82 81 80 80 81 81 81 80 79 80 80 81 81 81 82 83
88 86 85 86 85 85 86 87 88 90 91 92 93 92 93 92 91 91 90 89 89 88 88 88 87 86 85 84 82 81 79 79 78 77 76 76 77 77 78 78 79 78 77 75 75 74 74 74 75 75 74 75 75 75 75 75 75 75 78 79 79 80 81 79 82 81 79 79 79 80 83 82 89 82 82 82 81 80 80 80 79 79 79 80 79 79 80 80 81 82 82 82 81 81
86 85 83 83 84 84 85 86 88 89 90 91 92 90 92 91 90 90 89 89 88 88 87 87 86 85 85 83 81 80 79 78 77 77 76 76 76 77 78 78 78 78 75 75 75 74 74 74 74 74 74 74 74 74 75 75 77 80 77 76 76 76 76 77 77 78 78 78 78 79 83 82 82 79 81 81 80 80 78 77 78 78 78 78 78 79 81 81 80 81 81 82 82 82
82 82 81 81 81 82 83 84 86 87 89 89 91 89 90 89 88 88 87 87 86 86 86 85 84 83 83 82 80 80 78 77 76 76 75 75 75 76 76 77 76 75 76 75 75 74 74 74 74 73 73 73 75 77 76 75 75 75 75 75 75 76 76 76 76 77 75 75 75 77 78 80 78 77 76 76 77 78 78 78 79 80 80 80 81 81 81 81 82 82 82 82 83 83
81 81 80 80 80 81 82 83 85 86 88 89 90 89 89 89 88 87 86 86 86 84 85 85 83 83 82 81 80 79 77 77 75 75 75 74 75 75 76 75 75 75 75 75 74 74 74 74 73 73 74 76 78 76 74 74 75 75 75 75 75 75 74 74 73 72 73 74 74 75 77 78 76 76 77 77 78 78 78 79 80 80 80 80 81 81 82 82 82 82 83 83 83 83
