landfire_data/ELEV2020.asc
ncols        218
nrows        221
xllcorner    -2089905.000000000000
yllcorner    1491735.000000000000
cellsize     90.000000000000
NODATA_value -9999
[rows 84 to 125 of 221, columns 0 to 93 of 218]
52 53 53 53 53 53 52 51 52 51 57 65 77 86 81 82 120 136 131 139 151 159 184 205 244 264 290 301 312 298 323 340 368 375 381 375 330 306 259 240 237 240 268 295 327 340 349 360 341 331 288 262 278 290 274 267 288 311 366 355 342 330 296 263 305 335 309 318 360 377 330 309 299 319 318 290 302 284 312 330 334 345 352 322 315 284 329 334 373 374 323 293 337 333
52 52 52 52 51 50 52 55 69 75 90 92 91 103 103 80 111 112 123 129 145 157 188 206 242 265 290 294 317 318 343 357 365 365 361 360 328 308 256 237 225 237 275 290 317 319 331 344 321 315 306 274 259 270 253 259 297 318 376 353 320 318 280 262 312 329 302 294 342 377 331 309 284 296 310 286 279 289 324 342 315 328 345 317 318 288 314 340 364 347 319 288 317 323
51 55 80 90 103 110 101 96 100 103 110 127 145 152 123 93 88 96 121 135 166 178 209 228 243 252 266 275 334 349 377 382 339 314 320 320 325 307 250 232 234 243 252 259 272 286 336 361 300 276 280 282 240 241 278 301 338 342 362 344 290 278 263 250 302 305 281 266 332 343 364 336 283 269 266 273 307 323 353 343 300 314 328 301 266 271 339 361 346 322 297 286 296 328
62 73 106 121 122 116 103 102 104 111 124 133 172 179 119 91 110 90 122 142 180 189 215 223 238 248 257 279 343 359 367 368 326 283 316 301 314 313 257 231 225 231 240 244 264 287 342 361 301 273 260 262 238 250 287 286 320 323 350 343 283 266 247 249 286 281 265 260 322 335 354 339 293 272 271 287 330 350 373 344 296 301 304 303 261 297 334 340 356 332 293 285 299 326
72 76 116 129 116 113 115 116 131 138 170 158 171 176 114 99 148 110 126 133 156 176 215 225 234 238 273 303 323 319 334 335 298 260 280 274 284 288 268 238 214 223 238 254 287 291 326 332 282 273 245 238 232 244 257 268 283 294 303 312 280 261 241 236 259 248 260 289 303 303 335 323 287 266 273 296 320 333 365 354 312 295 261 259 268 283 318 339 370 357 314 290 275 283
96 72 100 119 118 115 123 131 159 165 194 186 174 169 108 111 154 123 110 126 166 183 214 218 225 232 287 294 296 302 331 324 275 256 259 267 291 289 273 246 210 218 230 244 265 279 325 316 274 255 248 233 237 246 273 280 264 277 277 283 288 274 258 234 246 234 270 285 282 306 324 308 279 258 280 303 302 312 357 337 314 301 269 246 293 309 328 343 351 354 316 293 266 269
142 114 79 93 127 139 176 181 213 224 232 203 172 141 114 146 170 144 114 140 167 175 198 206 220 240 252 257 292 301 313 308 299 273 225 250 273 291 259 243 202 208 221 241 266 268 303 308 262 248 230 222 260 261 267 283 242 245 250 250 267 270 241 236 228 238 248 254 268 283 322 300 260 243 288 293 286 293 336 328 295 289 271 245 291 305 328 303 311 313 315 290 264 259
170 138 79 100 152 165 200 202 235 251 244 213 155 129 142 171 172 153 114 149 164 176 193 195 232 244 255 264 303 294 308 301 318 289 228 227 262 283 251 231 201 206 227 238 248 260 312 328 289 274 235 219 234 236 265 263 239 235 242 247 278 274 237 229 232 239 258 258 273 290 300 287 253 246 273 274 277 293 344 336 294 285 275 244 289 314 319 285 294 296 317 290 263 259
170 140 91 92 131 152 211 236 286 303 253 199 132 137 140 168 148 136 127 122 144 160 176 185 216 227 238 263 269 260 278 263 316 279 223 217 221 251 250 220 201 205 215 221 234 252 297 326 329 298 252 218 230 256 270 253 226 227 261 275 251 243 228 222 234 255 305 313 311 328 304 273 244 240 256 269 316 327 341 323 315 295 257 239 299 332 302 283 267 301 322 316 258 250
163 139 92 90 129 151 219 248 291 294 267 204 137 137 159 183 147 136 141 144 151 142 156 175 218 222 231 249 287 255 252 264 304 284 224 216 205 223 230 210 203 208 235 247 242 255 298 322 313 284 246 220 229 259 249 245 222 224 254 271 253 234 222 214 245 276 316 307 294 313 290 279 236 250 277 294 344 354 347 336 329 313 274 242 299 327 290 272 272 285 306 312 255 250
161 155 91 96 130 150 197 221 271 277 307 246 173 179 223 221 177 167 146 165 173 170 163 159 184 191 232 262 289 257 234 238 246 263 251 227 205 198 200 191 204 216 252 278 282 277 266 277 264 248 223 217 212 216 215 215 224 236 223 226 226 247 214 219 259 293 278 271 299 315 260 255 238 248 285 298 325 335 319 324 317 293 249 236 287 304 266 253 258 259 277 265 251 243
134 141 95 117 121 131 166 212 262 278 319 303 206 196 260 255 205 200 163 179 179 185 181 172 182 207 260 288 295 270 231 228 231 249 249 222 202 198 193 189 207 228 260 289 267 252 243 250 240 227 217 214 209 210 213 215 220 237 223 215 215 230 209 217 252 281 263 263 300 301 255 245 244 248 276 296 320 325 299 325 328 315 262 234 273 281 278 250 249 261 264 258 247 239
127 111 130 127 129 154 227 261 263 283 316 334 314 309 326 326 283 269 240 247 227 228 209 215 224 242 315 327 324 308 245 225 218 219 252 228 199 191 185 195 209 217 248 277 283 256 230 227 271 276 263 239 205 207 256 258 276 250 211 219 213 206 215 225 265 251 250 256 293 292 259 236 242 247 274 304 312 294 281 300 307 291 265 243 242 265 282 255 251 271 253 242 235 256
127 145 142 159 144 146 222 257 257 278 314 323 306 303 313 320 273 275 292 292 273 268 247 251 263 272 312 312 323 304 252 227 215 219 255 238 200 190 188 198 216 228 262 287 304 289 244 222 264 275 253 239 204 206 248 268 274 261 214 207 202 207 227 237 261 248 250 271 278 267 261 243 240 249 301 323 291 280 275 289 293 271 261 247 241 257 277 253 244 259 243 234 241 259
201 202 215 228 238 232 259 233 243 259 302 319 273 273 289 301 275 256 274 280 284 297 319 335 346 332 282 276 305 304 254 223 208 207 232 231 188 183 196 227 286 303 314 304 266 273 253 224 219 250 233 210 193 201 230 233 253 233 206 204 219 244 290 297 264 240 244 257 258 258 226 215 241 250 301 305 277 255 261 265 280 252 252 236 235 240 253 234 235 233 226 233 262 292
242 239 249 268 283 279 259 229 242 250 302 317 274 264 277 294 280 258 258 262 273 280 314 334 342 331 279 264 294 292 243 220 204 202 214 217 184 179 215 251 304 308 280 273 240 254 268 230 210 234 242 221 198 196 221 211 239 231 202 196 238 264 300 292 268 240 246 267 239 245 227 213 243 267 301 289 277 255 249 274 283 255 239 233 235 243 237 225 225 228 231 253 284 311
293 306 305 318 285 269 244 218 230 258 313 314 271 241 248 272 289 268 236 242 255 264 290 308 314 299 290 260 269 278 229 218 204 196 191 189 178 182 233 244 260 267 244 224 232 225 241 225 200 204 203 202 196 191 199 199 199 199 201 212 258 279 293 264 236 229 233 255 229 217 212 225 271 298 282 274 258 245 266 296 269 249 234 230 224 234 219 223 219 239 286 298 298 307
284 294 295 314 281 265 238 211 238 267 317 312 268 243 240 259 289 267 229 234 249 257 289 287 316 294 277 263 250 276 237 224 207 193 188 184 177 182 209 242 245 234 244 216 230 218 222 211 198 197 196 195 192 192 195 196 196 191 210 223 255 288 284 260 236 225 235 246 222 205 224 244 287 299 264 264 251 235 266 291 267 248 232 226 219 225 220 220 244 269 298 296 291 294
258 255 266 285 275 254 214 200 231 261 291 287 269 234 224 253 276 273 222 219 233 247 260 244 289 294 237 257 227 251 268 259 220 218 187 180 176 177 236 234 233 208 231 209 211 205 206 202 199 201 192 190 187 186 183 185 192 210 219 238 271 274 257 248 220 215 219 207 221 233 261 276 290 274 248 252 232 231 279 278 281 261 237 228 215 214 212 231 263 277 272 270 262 274
234 237 248 270 260 243 212 195 226 265 271 259 263 226 223 247 269 277 219 214 228 248 235 220 292 289 233 240 222 232 268 276 245 243 197 179 174 178 213 212 226 201 209 197 193 192 208 218 210 201 190 188 187 178 208 214 215 234 250 263 252 251 252 234 215 208 206 208 229 250 275 287 285 267 239 240 224 244 268 266 269 260 231 225 214 212 215 248 283 274 260 258 253 267
206 191 229 252 208 204 186 187 221 245 240 223 235 224 209 216 237 258 215 206 214 219 203 234 269 271 229 204 214 216 261 249 244 241 196 181 171 171 183 190 199 187 187 184 183 182 187 205 225 206 188 184 183 176 222 236 244 252 239 248 257 235 246 220 199 193 217 231 264 278 272 261 274 263 239 230 237 258 247 252 251 241 231 220 209 206 235 248 269 268 247 241 243 253
187 166 231 252 206 186 182 187 243 239 236 202 217 223 200 200 230 259 217 200 201 213 205 222 264 264 217 198 209 209 250 225 216 228 191 174 170 170 175 176 185 182 182 189 179 179 200 218 211 199 187 183 177 181 222 225 232 242 231 252 262 233 231 212 193 207 234 250 264 270 253 248 272 253 233 224 240 241 239 252 250 237 222 217 207 200 230 237 264 273 241 233 234 243
150 158 215 225 187 178 176 185 208 235 207 203 221 227 192 191 210 236 225 197 190 192 193 216 267 249 196 195 217 197 220 199 194 195 189 176 166 166 167 170 181 177 174 185 171 183 193 194 191 182 188 180 172 185 204 205 213 218 219 230 223 221 208 203 206 220 254 231 234 246 230 228 259 252 216 210 217 219 240 255 262 252 215 209 204 208 244 254 252 250 237 222 219 222
150 167 225 213 184 171 172 178 214 238 184 179 220 232 188 187 209 233 221 203 187 187 190 214 260 244 192 193 211 193 211 187 181 180 169 167 165 165 185 186 167 175 168 177 167 172 177 185 186 176 178 177 173 188 196 198 203 207 213 219 212 233 220 197 204 209 241 219 225 248 220 221 254 244 210 215 214 218 248 249 247 240 216 202 203 213 238 243 247 235 228 217 214 214
166 197 201 199 162 162 166 183 223 224 183 157 211 229 182 178 197 225 203 188 179 179 186 213 225 221 178 186 195 185 194 187 171 168 163 162 161 160 195 187 155 174 160 163 162 164 171 172 171 171 172 171 182 182 184 185 191 194 199 201 216 221 198 188 210 228 224 209 242 228 209 215 236 222 207 210 211 220 229 219 226 211 203 194 210 223 217 216 221 222 227 210 208 213
174 195 185 183 158 159 167 183 206 208 175 151 211 226 181 174 193 220 205 191 175 175 177 199 209 202 173 181 182 181 194 188 175 179 161 160 159 174 187 181 153 162 157 158 160 163 165 167 168 169 164 169 178 177 178 180 187 188 193 195 205 214 187 195 227 235 210 203 236 222 205 215 242 228 203 207 220 224 210 206 210 205 194 198 221 220 205 215 211 213 220 206 210 229
187 170 161 157 151 153 174 197 172 190 159 147 200 195 186 167 174 199 183 175 168 169 169 181 186 189 166 179 181 173 194 193 174 184 160 157 157 163 160 155 151 152 153 154 156 159 162 163 166 168 169 169 169 169 171 174 177 180 186 189 190 186 192 199 209 211 210 195 207 216 198 221 221 231 201 199 213 225 221 205 200 198 200 210 224 205 207 218 199 208 197 202 206 204
177 162 150 147 148 150 184 196 158 180 146 151 182 183 181 164 166 186 173 171 164 165 167 176 181 191 165 170 188 170 179 180 167 169 159 156 153 155 152 150 149 150 152 153 156 158 161 162 165 165 167 167 166 166 169 171 174 177 183 185 186 180 191 193 198 200 200 191 197 204 197 217 211 223 200 201 229 237 236 226 199 191 203 219 215 202 196 208 197 197 198 200 202 204
153 153 137 139 145 157 179 181 137 146 146 174 159 177 185 165 154 154 173 162 157 159 159 166 165 172 161 162 168 164 158 156 154 153 151 152 151 150 148 147 147 149 151 153 155 156 158 158 158 163 163 163 163 164 167 169 173 175 178 180 177 183 182 181 180 181 182 182 186 186 194 197 206 210 194 197 213 217 222 219 194 187 201 201 218 207 194 190 194 199 225 229 209 215
146 141 135 137 161 165 170 168 143 130 160 171 155 179 179 171 150 149 166 156 153 155 155 158 158 162 157 156 155 155 154 151 148 148 149 149 149 148 148 146 147 148 150 151 153 154 156 158 155 161 161 162 162 162 166 168 172 174 177 178 178 180 180 179 177 176 177 178 179 181 183 191 196 203 192 195 203 205 213 213 194 183 194 204 210 197 189 188 195 201 231 234 225 227
127 127 133 140 144 150 154 142 125 137 155 144 152 163 159 162 144 145 160 152 146 146 148 148 145 143 143 144 146 146 145 143 143 143 145 145 145 145 145 145 145 146 148 149 151 152 154 155 156 157 158 159 159 160 164 166 169 171 173 172 175 175 175 174 172 171 171 171 173 173 175 179 188 190 190 190 198 198 202 203 184 186 197 211 221 202 183 193 210 205 221 217 228 239
124 125 134 135 134 146 146 137 123 140 149 139 150 153 152 152 141 146 153 149 143 143 144 143 140 138 140 141 142 142 140 140 141 142 143 144 144 143 144 144 144 145 147 147 150 151 154 154 155 156 157 157 158 159 163 164 167 169 171 168 172 173 173 172 170 170 169 169 171 171 174 176 181 184 188 188 195 193 201 197 180 185 210 201 210 194 185 202 196 195 206 207 220 233
120 125 127 119 131 132 131 129 131 133 132 127 133 135 135 135 136 135 133 134 135 136 137 136 134 133 133 134 133 134 136 136 138 139 140 141 141 141 142 142 142 143 145 146 148 149 151 149 153 153 154 154 155 157 160 162 165 166 166 167 169 169 169 168 167 166 167 167 170 171 173 175 179 181 183 184 193 188 188 184 184 196 202 192 186 179 181 191 187 191 205 213 220 234
118 124 123 115 124 124 124 123 126 126 123 122 126 127 129 130 132 131 129 129 132 132 133 133 131 130 130 130 131 132 134 135 137 138 139 139 140 140 141 141 142 143 144 145 147 148 148 151 152 152 153 153 154 156 159 160 163 164 164 166 167 167 167 166 166 165 165 166 169 170 172 174 177 179 182 185 192 188 183 174 192 207 192 191 197 179 177 183 187 197 218 210 232 252
114 117 111 103 111 112 112 114 115 112 113 113 114 116 118 119 121 122 123 123 124 125 126 126 125 126 127 127 129 130 132 133 134 135 137 137 138 138 139 139 140 141 143 143 145 144 148 148 149 150 150 151 153 154 157 158 161 161 162 163 163 164 163 163 163 163 164 165 166 168 171 172 175 176 180 184 185 177 171 187 209 206 187 187 205 192 173 174 200 211 199 208 228 233
112 113 109 101 106 107 108 110 110 108 109 110 110 111 113 114 117 119 120 120 121 122 123 123 124 124 125 126 128 129 131 132 133 134 135 136 137 137 138 138 139 140 142 142 142 145 147 147 148 149 149 150 152 153 156 157 159 160 161 161 162 162 162 162 162 162 163 164 165 167 170 171 174 177 182 184 180 177 180 196 205 206 180 184 196 184 171 173 203 218 196 211 223 243
107 107 103 97 98 97 103 105 104 103 102 102 103 104 107 108 111 113 115 115 117 118 119 119 121 122 122 123 126 127 128 129 131 132 133 134 135 136 136 136 138 139 138 141 143 144 145 145 146 147 148 148 151 152 154 155 157 158 158 158 159 159 160 160 160 161 162 162 164 165 167 168 173 175 179 181 177 170 182 192 196 200 178 171 196 192 169 171 197 189 191 201 232 230
104 103 100 96 95 96 101 102 101 100 99 99 100 102 105 106 109 110 112 113 115 116 117 118 120 121 122 123 125 126 128 128 130 131 133 133 134 135 135 135 137 138 138 140 142 143 144 144 145 146 147 148 150 151 153 154 156 157 157 157 157 158 158 158 159 160 161 162 163 164 165 167 171 173 177 179 175 169 182 182 194 196 183 167 191 191 168 173 179 181 189 199 219 212
97 96 93 93 94 95 97 98 96 96 95 96 98 99 102 103 105 106 109 110 112 113 115 116 118 118 120 121 123 124 126 126 128 129 130 131 133 133 133 135 135 136 139 139 141 142 143 143 145 145 146 147 149 150 152 152 154 154 156 155 156 156 156 157 157 158 159 159 160 161 163 164 168 169 172 174 173 170 171 177 188 188 183 166 181 186 166 168 175 180 199 207 190 201
95 92 89 90 92 93 95 96 95 94 94 95 97 98 100 101 104 105 107 109 111 112 114 114 116 117 119 121 122 123 125 126 128 128 130 131 132 132 133 134 134 137 138 139 141 141 142 143 144 145 146 147 149 150 151 152 153 154 155 154 155 155 156 156 156 157 158 158 159 159 161 163 165 165 171 172 172 168 169 173 182 184 171 166 179 179 164 168 190 198 197 193 188 206
90 89 86 87 89 90 91 91 91 91 91 92 95 95 97 98 101 102 105 106 108 110 112 113 115 116 118 119 121 122 123 124 126 127 128 129 130 129 132 132 134 135 137 138 139 140 141 142 143 144 145 146 148 148 150 150 152 152 153 152 153 153 154 154 155 155 156 155 156 157 158 157 156 161 166 168 170 168 166 166 172 175 161 160 161 161 169 186 173 168 172 187 202 199
88 87 85 86 87 88 89 89 89 89 90 91 92 94 95 97 99 101 103 105 107 109 111 112 114 115 117 118 120 121 122 124 125 126 127 128 128 129 131 129 133 134 136 137 138 138 140 141 142 143 144 145 147 148 149 149 151 151 152 149 152 152 153 153 154 154 155 154 155 155 156 155 154 161 164 165 168 168 161 164 163 165 159 161 159 159 179 172 160 166 189 200 192 191
